1 1.0 2.45866240402
5 2.42661097646 2.45866240402
7 1.27145317363 2.45866240402
10 0.658711250256 2.45866240402
13 0.326982775756 2.45866240402
14 0.134748741871 2.45866240402
18 3.61698765874 2.45866240402
19 1.49055109857 2.45866240402
20 4.85985988614 2.45866240402
22 8.17600170295 2.45866240402
24 4.53578889536 2.45866240402
27 2.83059343627 2.45866240402
28 1.16648010778 2.45866240402
29 1.16648010778 2.45866240402
32 10.4443267377 2.45866240402
33 4.30407956147 2.45866240402
34 12.8642367185 2.45866240402
36 20.7721714212 2.45866240402
39 37.541742722 2.45866240402
40 15.4708533315 2.45866240402
41 54.8561807511 2.45866240402
43 95.5728685037 2.45866240402
45 59.6429722527 2.45866240402
47 24.5787118089 2.45866240402
49 24.5787118089 2.45866240402
53 117.41902046 2.45866240402
54 48.3880690559 2.45866240402
55 140.96934874 2.45866240402
57 224.658751902 2.45866240402
59 120.020119625 2.45866240402
62 66.5833908218 2.45866240402
65 41.5518689898 2.45866240402
66 17.1234157503 2.45866240402
67 17.1234157503 2.45866240402
68 284.169930956 2.45866240402
69 117.105679602 2.45866240402
70 347.805450657 2.45866240402
72 559.818605036 2.45866240402
75 1010.65654178 2.45866240402
76 416.488895703 2.45866240402
77 1476.16279633 2.45866240402
78 937.888153558 2.45866240402
81 1633.52821012 2.45866240402
83 1002.73802452 2.45866240402
86 799.726929572 2.45866240402
89 1485.03673756 2.45866240402
90 611.979720086 2.45866240402
91 1358.09859513 2.45866240402
93 1810.54030688 2.45866240402
95 1004.43082623 2.45866240402
98 626.822634139 2.45866240402
99 258.311951194 2.45866240402
100 258.311951194 2.45866240402
103 2030.94769575 2.45866240402
104 836.94817385 2.45866240402
105 2280.83166322 2.45866240402
107 3503.74367266 2.45866240402
109 2101.38175134 2.45866240402
112 1595.49256241 2.45866240402
113 885.129083924 2.45866240402
115 552.371471906 2.45866240402
117 455.261643903 2.45866240402
119 885.129083924 2.45866240402
121 552.371471906 2.45866240402
123 4120.00980486 2.45866240402
124 1697.84512459 2.45866240402
125 4796.07268235 2.45866240402
127 7518.1933939 2.45866240402
129 4586.49619815 2.45866240402
132 3611.44919452 2.45866240402
133 2088.54324465 2.45866240402
135 1456.63301086 2.45866240402
137 1446.13857313 2.45866240402
138 595.949874684 2.45866240402
140 2088.54324465 2.45866240402
142 1456.63301086 2.45866240402
144 8861.16269943 2.45866240402
145 3651.66163395 2.45866240402
146 10332.7408583 2.45866240402
148 16212.3811985 2.45866240402
150 10117.4581086 2.45866240402
152 4169.37761467 2.45866240402
156 4169.37761467 2.45866240402
160 18890.9456967 2.45866240402
161 7784.90851201 2.45866240402
162 21843.6895346 2.45866240402
163 13501.3762548 2.45866240402
166 20613.8185908 2.45866240402
168 12994.5496638 2.45866240402
171 10918.90059 2.45866240402
174 15183.4830723 2.45866240402
175 6257.07288647 2.45866240402
176 9973.51844835 2.45866240402
178 9018.36905845 2.45866240402
180 5408.7944444 2.45866240402
183 4106.6730141 2.45866240402
184 2278.25246538 2.45866240402
186 1421.76028111 2.45866240402
188 1171.80716571 2.45866240402
190 2278.25246538 2.45866240402
192 1421.76028111 2.45866240402
194 6501.76403064 2.45866240402
195 2679.35920543 2.45866240402
196 4079.52753775 2.45866240402
198 3397.66648968 2.45866240402
200 1686.59211823 2.45866240402
203 695.0396377 2.45866240402
205 2478.70159319 2.45866240402
206 1021.4649979 2.45866240402
207 1595.72133683 2.45866240402
209 1393.50376058 2.45866240402
211 773.064192635 2.45866240402
214 482.431708244 2.45866240402
215 198.807853706 2.45866240402
216 198.807853706 2.45866240402
219 1012.72311567 2.45866240402
220 417.336831986 2.45866240402
221 646.666319583 2.45866240402
223 556.511709692 2.45866240402
225 292.476521729 2.45866240402
228 153.238238858 2.45866240402
231 79.3851417393 2.45866240402
234 39.4048270673 2.45866240402
237 16.2381076076 2.45866240402
241 411.339080527 2.45866240402
242 169.50194489 2.45866240402
243 272.204279264 2.45866240402
245 249.267882332 2.45866240402
247 155.495476279 2.45866240402
249 64.0667157314 2.45866240402
251 64.0667157314 2.45866240402
255 177.296499637 2.45866240402
256 73.0388548966 2.45866240402
257 108.068172635 2.45866240402
259 85.1172707677 2.45866240402
262 98.757954445 2.45866240402
263 40.6121451169 2.45866240402
264 114.424786784 2.45866240402
266 179.654461305 2.45866240402
268 111.434885185 2.45866240402
270 45.7843583764 2.45866240402
274 45.7843583764 2.45866240402
278 211.407469705 2.45866240402
279 86.842437315 2.45866240402
280 248.150822234 2.45866240402
282 392.773966004 2.45866240402
284 243.424542797 2.45866240402
286 99.9725845207 2.45866240402
290 99.9725845207 2.45866240402
294 464.802625121 2.45866240402
295 190.880001419 2.45866240402
296 548.167067071 2.45866240402
298 870.07244995 2.45866240402
300 455.498943038 2.45866240402
303 239.165633283 2.45866240402
306 126.918638433 2.45866240402
309 69.9061162038 2.45866240402
311 43.315682022 2.45866240402
312 17.7875509584 2.45866240402
315 17.7875509584 2.45866240402
318 1115.15591743 2.45866240402
319 457.919819599 2.45866240402
320 1387.71291941 2.45866240402
322 2264.35350176 2.45866240402
324 1118.3618083 2.45866240402
327 459.225046007 2.45866240402
329 3008.38469355 2.45866240402
330 1235.29697531 2.45866240402
331 3826.84260945 2.45866240402
332 2381.56387279 2.45866240402
335 3929.87118243 2.45866240402
337 2423.84900346 2.45866240402
340 1973.16475405 2.45866240402
343 3320.15890548 2.45866240402
344 1363.25598622 2.45866240402
345 2793.00758207 2.45866240402
347 3482.36861668 2.45866240402
349 2065.13214039 2.45866240402
352 1547.55185257 2.45866240402
353 852.067613637 2.45866240402
355 527.767293678 2.45866240402
357 433.37413819 2.45866240402
359 852.067613637 2.45866240402
361 527.767293678 2.45866240402
363 3623.68528662 2.45866240402
364 1487.72235675 2.45866240402
365 3856.22295163 2.45866240402
367 5769.32519899 2.45866240402
369 3060.05231378 2.45866240402
372 1684.51775336 2.45866240402
375 1043.18534282 2.45866240402
376 428.263301733 2.45866240402
377 428.263301733 2.45866240402
378 7136.97202326 2.45866240402
379 2929.92945392 2.45866240402
380 8685.59477959 2.45866240402
382 14020.3285734 2.45866240402
384 5755.66532567 2.45866240402
388 19711.1153248 2.45866240402
389 8091.84406879 2.45866240402
390 25902.6081648 2.45866240402
391 16176.2807704 2.45866240402
394 27209.49027 2.45866240402
396 16712.7677094 2.45866240402
399 13501.6459729 2.45866240402
402 23665.0747918 2.45866240402
403 9714.98038837 2.45866240402
404 20722.1529778 2.45866240402
406 26812.9377743 2.45866240402
408 14220.5232042 2.45866240402
411 7827.56447071 2.45866240402
414 4847.04083747 2.45866240402
415 1989.79431299 2.45866240402
416 1989.79431299 2.45866240402
419 30372.3410461 2.45866240402
420 12468.3419169 2.45866240402
421 34704.4304392 2.45866240402
423 54166.2988442 2.45866240402
425 32612.4687226 2.45866240402
428 25276.4804735 2.45866240402
429 14480.0543514 2.45866240402
431 9996.39860687 2.45866240402
433 9870.80362433 2.45866240402
434 4052.11557093 2.45866240402
436 14480.0543514 2.45866240402
438 9996.39860687 2.45866240402
440 64630.2264695 2.45866240402
441 26531.6740941 2.45866240402
442 76738.9905368 2.45866240402
444 122303.342085 2.45866240402
446 73636.1224291 2.45866240402
449 57071.7859077 2.45866240402
450 32694.4175147 2.45866240402
452 22570.7187205 2.45866240402
454 22287.0959492 2.45866240402
455 9149.18025204 2.45866240402
457 32694.4175147 2.45866240402
459 22570.7187205 2.45866240402
461 147551.734818 2.45866240402
462 60572.1440759 2.45866240402
463 176555.64863 2.45866240402
465 282532.013432 2.45866240402
467 155515.210928 2.45866240402
470 96297.9401046 2.45866240402
472 39531.7063742 2.45866240402
476 39531.7063742 2.45866240402
480 356167.859886 2.45866240402
481 146212.087587 2.45866240402
482 438869.14863 2.45866240402
484 712903.04133 2.45866240402
486 292657.061043 2.45866240402
490 1005082.3128 2.45866240402
491 412600.897333 2.45866240402
492 1322843.75537 2.45866240402
494 2217321.88642 2.45866240402
496 1175965.27075 2.45866240402
499 647291.122592 2.45866240402
502 400814.772418 2.45866240402
503 164540.289002 2.45866240402
504 164540.289002 2.45866240402
505 2902514.70264 2.45866240402
506 1191524.4662 2.45866240402
507 3661584.71119 2.45866240402
508 2275644.54449 2.45866240402
511 3741341.58056 2.45866240402
513 2308385.89809 2.45866240402
516 1881811.11327 2.45866240402
519 3143815.35059 2.45866240402
520 1290581.88785 2.45866240402
521 2626308.10265 2.45866240402
523 3253785.4598 2.45866240402
525 2969818.6096 2.45866240402
528 3980595.73707 2.45866240402
529 2687424.90789 2.45866240402
531 2565883.62148 2.45866240402
533 3562983.84434 2.45866240402
534 4039357.77158 2.45866240402
535 2296164.10649 2.45866240402
537 1554023.04575 2.45866240402
539 2074070.95709 2.45866240402
541 1489385.31025 2.45866240402
543 2329988.46089 2.45866240402
544 956494.122227 2.45866240402
545 1465496.25568 2.45866240402
547 1239912.58293 2.45866240402
549 657592.44933 2.45866240402
552 361961.159396 2.45866240402
555 224133.120328 2.45866240402
556 92009.9029472 2.45866240402
557 92009.9029472 2.45866240402
560 897297.875383 2.45866240402
561 368353.817183 2.45866240402
562 577521.935995 2.45866240402
564 509526.710122 2.45866240402
566 302038.482107 2.45866240402
569 226229.17369 2.45866240402
570 124524.200428 2.45866240402
572 77107.7140766 2.45866240402
574 63307.6742666 2.45866240402
576 124524.200428 2.45866240402
578 77107.7140766 2.45866240402
580 361630.016651 2.45866240402
581 148454.376941 2.45866240402
582 222937.829819 2.45866240402
584 181439.260069 2.45866240402
586 89579.6029088 2.45866240402
589 36773.7287369 2.45866240402
591 129462.68261 2.45866240402
592 53146.3125238 2.45866240402
593 80781.2965733 2.45866240402
595 67317.9191221 2.45866240402
597 35041.3269234 2.45866240402
600 18041.6094941 2.45866240402
603 8907.44491656 2.45866240402
604 3656.63557917 2.45866240402
608 48161.6301859 2.45866240402
609 19771.0490723 2.45866240402
610 30231.1908753 2.45866240402
612 25480.5639426 2.45866240402
614 14025.3655945 2.45866240402
617 8684.76876321 2.45866240402
619 3565.22379155 2.45866240402
623 3565.22379155 2.45866240402
627 17813.2654373 2.45866240402
628 7312.60435687 2.45866240402
629 10599.364656 2.45866240402
631 8006.4406196 2.45866240402
633 3286.76029917 2.45866240402
637 5617.3026051 2.45866240402
638 2305.98445684 2.45866240402
639 3371.14008018 2.45866240402
641 2594.68376732 2.45866240402
643 1065.15562334 2.45866240402
647 1884.26789597 2.45866240402
648 773.519678027 2.45866240402
649 1221.80972835 2.45866240402
651 1092.01823506 2.45866240402
653 657.482648184 2.45866240402
656 509.585514165 2.45866240402
657 291.924515182 2.45866240402
659 201.531913757 2.45866240402
661 198.999833797 2.45866240402
662 81.692461065 2.45866240402
664 291.924515182 2.45866240402
666 201.531913757 2.45866240402
668 780.824294335 2.45866240402
669 320.540556255 2.45866240402
670 489.498766762 2.45866240402
672 411.572911406 2.45866240402
674 214.241431142 2.45866240402
677 110.307416375 2.45866240402
680 54.4613374427 2.45866240402
681 22.357381097 2.45866240402
685 298.828838222 2.45866240402
686 122.675533913 2.45866240402
687 193.677325995 2.45866240402
689 172.948792967 2.45866240402
691 102.537886478 2.45866240402
694 76.816628972 2.45866240402
695 42.2872889537 2.45866240402
697 26.1880701729 2.45866240402
699 21.5023891156 2.45866240402
701 42.2872889537 2.45866240402
703 26.1880701729 2.45866240402
705 125.059985828 2.45866240402
706 51.3434766792 2.45866240402
707 80.3230160873 2.45866240402
709 70.5729143689 2.45866240402
711 38.8686204235 2.45866240402
714 24.0823972959 2.45866240402
716 9.88908101535 2.45866240402
720 9.88908101535 2.45866240402
724 52.6725169707 2.45866240402
725 21.6330623773 2.45866240402
726 36.04220509 2.45866240402
728 35.0530252798 2.45866240402
730 19.3475915916 2.45866240402
733 12.0134419504 2.45866240402
735 4.93844887888 2.45866240402
739 4.93844887888 2.45866240402
743 29.8839653458 2.45866240402
744 12.2917044742 2.45866240402
745 25.3106084007 2.45866240402
747 31.6027655189 2.45866240402
749 20.8009545398 2.45866240402
751 8.56920328738 2.45866240402
755 10.3208312983 2.45866240402
758 4.25183693311 2.45866240402
762 30.6032335216 2.45866240402
763 12.6145315267 2.45866240402
764 30.0275666278 2.45866240402
766 42.2014277911 2.45866240402
768 22.1599108411 2.45866240402
771 11.504189548 2.45866240402
774 5.72090907519 2.45866240402
775 2.36058023563 2.45866240402
779 50.090276229 2.45866240402
780 20.6731835004 2.45866240402
781 58.4923155009 2.45866240402
783 91.6099519031 2.45866240402
785 51.0075653736 2.45866240402
788 31.9464996244 2.45866240402
790 13.188433373 2.45866240402
794 13.188433373 2.45866240402
798 112.408655784 2.45866240402
799 46.4075682673 2.45866240402
800 134.259406919 2.45866240402
802 212.785193938 2.45866240402
805 381.125841705 2.45866240402
806 157.354898481 2.45866240402
807 552.976464077 2.45866240402
809 958.223542534 2.45866240402
811 578.045434138 2.45866240402
814 441.843523982 2.45866240402
815 246.065438829 2.45866240402
817 154.144378701 2.45866240402
819 127.283140575 2.45866240402
821 246.065438829 2.45866240402
823 154.144378701 2.45866240402
825 1189.86364652 2.45866240402
826 491.258923887 2.45866240402
827 1432.45096932 2.45866240402
828 892.500951941 2.45866240402
831 1387.13178432 2.45866240402
833 873.790070348 2.45866240402
836 729.248634957 2.45866240402
839 1053.48881077 2.45866240402
840 434.953998428 2.45866240402
841 729.537360877 2.45866240402
843 713.501264424 2.45866240402
845 472.05217989 2.45866240402
847 194.89625204 2.45866240402
851 234.945471691 2.45866240402
854 97.0019726167 2.45866240402
858 526.559857188 2.45866240402
859 217.400848845 2.45866240402
860 344.462209972 2.45866240402
862 307.75135515 2.45866240402
864 171.388957187 2.45866240402
867 107.364481482 2.45866240402
868 44.3275960602 2.45866240402
869 44.3275960602 2.45866240402
872 229.543788492 2.45866240402
873 94.7717899377 2.45866240402
874 153.447692198 2.45866240402
876 142.117073878 2.45866240402
878 85.731930103 2.45866240402
881 65.5315573535 2.45866240402
882 36.4950016853 2.45866240402
884 22.8618419133 2.45866240402
886 18.8779476849 2.45866240402
888 36.4950016853 2.45866240402
890 22.8618419133 2.45866240402
892 105.037715914 2.45866240402
893 43.3669360909 2.45866240402
894 68.924598756 2.45866240402
896 61.9024726446 2.45866240402
898 34.4738707956 2.45866240402
901 21.595687932 2.45866240402
903 8.9162081305 2.45866240402
907 8.9162081305 2.45866240402
911 46.5337135651 2.45866240402
912 19.2123509021 2.45866240402
913 31.5932220433 2.45866240402
915 29.9874931732 2.45866240402
917 18.785072628 2.45866240402
919 7.75575233014 2.45866240402
921 7.75575233014 2.45866240402
925 22.2538932375 2.45866240402
926 9.18788367621 2.45866240402
927 14.7255855447 2.45866240402
929 13.4130827719 2.45866240402
931 7.46939869566 2.45866240402
934 4.67883728172 2.45866240402
936 1.93169682718 2.45866240402
940 1.93169682718 2.45866240402
944 10.2933655579 2.45866240402
945 4.2496256615 2.45866240402
946 7.26969454817 2.45866240402
948 7.31573531951 2.45866240402
950 4.49048161389 2.45866240402
953 3.56188621329 2.45866240402
954 2.06886586098 2.45866240402
956 1.44967517994 2.45866240402
958 1.44278479991 2.45866240402
959 0.595608741472 2.45866240402
961 2.06886586098 2.45866240402
963 1.44967517994 2.45866240402
965 5.96127020906 2.45866240402
966 2.46078033168 2.45866240402
967 4.66473573023 2.45866240402
969 5.34012946164 2.45866240402
971 3.34271406728 2.45866240402
973 1.37959121844 2.45866240402
977 1.37959121844 2.45866240402
981 4.93155450018 2.45866240402
982 2.0351339667 2.45866240402
983 4.57492518732 2.45866240402
985 6.15570053944 2.45866240402
987 3.85087671714 2.45866240402
989 1.5888404329 2.45866240402
991 1.5888404329 2.45866240402
995 6.49379250861 2.45866240402
996 2.6791120314 2.45866240402
997 6.90523325438 2.45866240402
999 10.2444972074 2.45866240402
1001 6.40666441999 2.45866240402
1003 2.64291579147 2.45866240402
1007 2.64291579147 2.45866240402
1011 11.5216845049 2.45866240402
1012 4.75288833092 2.45866240402
1013 12.9328348631 2.45866240402
1015 19.8299227062 2.45866240402
1017 10.6137930346 2.45866240402
1020 5.90015906233 2.45866240402
1023 3.68944151851 2.45866240402
1024 1.52191398006 2.45866240402
1025 1.52191398006 2.45866240402
1028 24.5253048258 2.45866240402
1029 10.1167606602 2.45866240402
1030 29.5081759005 2.45866240402
1032 47.0094201815 2.45866240402
1034 28.7978578638 2.45866240402
1037 13.2415890536 2.45866240402
1039 22.8034622757 2.45866240402
1040 9.29731032487 2.45866240402
1042 13.2415890536 2.45866240402
1044 9.29731032487 2.45866240402
1046 55.6560243826 2.45866240402
1047 22.9581210786 2.45866240402
1048 64.9560896465 2.45866240402
1050 101.813327129 2.45866240402
1052 53.6027419642 2.45866240402
1055 28.1328032885 2.45866240402
1058 14.5980400925 2.45866240402
1061 7.25640907951 2.45866240402
1064 2.99326669617 2.45866240402
1068 128.261525164 2.45866240402
1069 52.9078316157 2.45866240402
1070 156.216151278 2.45866240402
1072 250.444688467 2.45866240402
1074 131.854174013 2.45866240402
1077 69.2021477245 2.45866240402
1080 35.9087939833 2.45866240402
1083 17.8495703688 2.45866240402
1086 7.36293963185 2.45866240402
1090 319.068985374 2.45866240402
1091 131.615806224 2.45866240402
1092 391.440958916 2.45866240402
1094 629.87989831 2.45866240402
1096 350.137387838 2.45866240402
1099 218.939009173 2.45866240402
1101 90.3122351457 2.45866240402
1105 90.3122351457 2.45866240402
1109 785.405019509 2.45866240402
1110 323.979187951 2.45866240402
1111 950.15533075 2.45866240402
1113 1518.00457173 2.45866240402
1115 801.11287587 2.45866240402
1118 424.089553115 2.45866240402
1121 226.984230454 2.45866240402
1124 126.175900962 2.45866240402
1126 78.8971045523 2.45866240402
1127 32.5450170073 2.45866240402
1130 32.5450170073 2.45866240402
1133 1928.74724317 2.45866240402
1134 795.607292965 2.45866240402
1135 2362.14458062 2.45866240402
1137 3797.67066527 2.45866240402
1139 2374.66280137 2.45866240402
1141 979.547241402 2.45866240402
1143 979.547241402 2.45866240402
1147 4469.67789951 2.45866240402
1148 1843.73994209 2.45866240402
1149 5194.18505833 2.45866240402
1150 3217.14378695 2.45866240402
1153 4905.15705895 2.45866240402
1155 3097.91987883 2.45866240402
1158 2604.9606656 2.45866240402
1161 3599.19903797 2.45866240402
1162 1484.66783827 2.45866240402
1163 2335.51647606 2.45866240402
1165 2062.66581649 2.45866240402
1167 1146.59382327 2.45866240402
1170 716.958877764 2.45866240402
1172 295.745185479 2.45866240402
1176 295.745185479 2.45866240402
1180 1518.29762462 2.45866240402
1181 626.297025577 2.45866240402
1182 991.763048009 2.45866240402
1184 885.979289584 2.45866240402
1186 492.497801922 2.45866240402
1189 307.95619522 2.45866240402
1190 127.03177949 2.45866240402
1191 127.03177949 2.45866240402
1194 663.570284529 2.45866240402
1195 273.722416914 2.45866240402
1196 448.955441391 2.45866240402
1198 424.807837205 2.45866240402
1200 260.041415651 2.45866240402
1203 205.596344302 2.45866240402
1204 119.187278584 2.45866240402
1206 83.3428564682 2.45866240402
1208 82.8562500922 2.45866240402
1209 34.1781625181 2.45866240402
1211 119.187278584 2.45866240402
1213 83.3428564682 2.45866240402
1215 320.841548637 2.45866240402
1216 132.346981433 2.45866240402
1217 220.643799935 2.45866240402
1219 214.053147898 2.45866240402
1221 141.320446044 2.45866240402
1223 58.2946146658 2.45866240402
1227 70.2476655814 2.45866240402
1230 28.9771275907 2.45866240402
1234 156.953093313 2.45866240402
1235 64.7430739942 2.45866240402
1236 101.696578041 2.45866240402
1238 89.5843587818 2.45866240402
1240 49.7981163536 2.45866240402
1243 31.1384911136 2.45866240402
1245 12.8446123071 2.45866240402
1249 12.8446123071 2.45866240402
1253 65.6797670097 2.45866240402
1254 27.0928716674 2.45866240402
1255 42.5466365284 2.45866240402
1257 37.4637169525 2.45866240402
1259 20.8253154988 2.45866240402
1262 13.0219564298 2.45866240402
1264 5.37155063779 2.45866240402
1268 5.37155063779 2.45866240402
1272 27.4492880079 2.45866240402
1273 11.3228178346 2.45866240402
1274 17.7572728707 2.45866240402
1276 15.5986974315 2.45866240402
1278 8.67099748044 2.45866240402
1281 5.42192752724 2.45866240402
1282 2.23654244434 2.45866240402
1283 2.23654244434 2.45866240402
1286 11.3867987094 2.45866240402
1287 4.69704887991 2.45866240402
1288 7.30864703498 2.45866240402
1290 6.3311545748 2.45866240402
1292 3.51935958723 2.45866240402
1295 2.2006363931 2.45866240402
1297 0.907761432157 2.45866240402
1301 0.907761432157 2.45866240402
1305 4.52026515222 2.45866240402
1306 1.8646071569 2.45866240402
1307 2.76246985642 2.45866240402
1309 2.17663943708 2.45866240402
1311 0.897862699514 2.45866240402
1315 1.61637538791 2.45866240402
1316 0.666754054183 2.45866240402
1317 1.07509695997 2.45866240402
1319 0.98992337379 2.45866240402
1321 0.618993696953 2.45866240402
1323 0.255334596158 2.45866240402
1327 0.255334596158 2.45866240402
1331 0.705726438164 2.45866240402
1332 0.29111180933 2.45866240402
1333 0.429818824026 2.45866240402
1335 0.336259829729 2.45866240402
1337 0.138707014695 2.45866240402
1341 0.246650476169 2.45866240402
1342 0.101743200335 2.45866240402
1343 0.159938229833 2.45866240402
1345 0.141079027318 2.45866240402
1347 0.0784229512738 2.45866240402
1350 0.0490374444944 2.45866240402
1351 0.0202279217757 2.45866240402
1352 0.0202279217757 2.45866240402
1353 0.103648989187 2.45866240402
1354 0.0427551571402 2.45866240402
1355 0.0674363914922 2.45866240402
1357 0.0598333666846 2.45866240402
1359 0.0332601470182 2.45866240402
1362 0.0207973888169 2.45866240402
1364 0.00857891266622 2.45866240402
1368 0.00857891266622 2.45866240402
1372 0.0443542202073 2.45866240402
1373 0.0182960940205 2.45866240402
1374 0.0293960498232 2.45866240402
1376 0.0269090159914 2.45866240402
1378 0.0161875048434 2.45866240402
1381 0.0123334669841 2.45866240402
1382 0.00685592242593 2.45866240402
1384 0.00428697091269 2.45866240402
1386 0.00353674677036 2.45866240402
1388 0.00685592242593 2.45866240402
1390 0.00428697091269 2.45866240402
1392 0.0196505016275 2.45866240402
1393 0.0081058221685 2.45866240402
1394 0.0126227988683 2.45866240402
1396 0.0109502601157 2.45866240402
1398 0.00574711686106 2.45866240402
1401 0.00298216165612 2.45866240402
1404 0.00148237489022 2.45866240402
1405 0.000611478886282 2.45866240402
1409 0.0081762023168 2.45866240402
1410 0.0033726791431 2.45866240402
1411 0.00549818263614 2.45866240402
1413 0.00515274347602 2.45866240402
1415 0.00322198044451 2.45866240402
1417 0.00132906494963 2.45866240402
1421 0.00132906494963 2.45866240402
1425 0.00377135506225 2.45866240402
1426 0.00155568127864 2.45866240402
1427 0.0024342700302 2.45866240402
1429 0.00212991888666 2.45866240402
1431 0.00128127589947 2.45866240402
1434 0.000976214199935 2.45866240402
1435 0.000542655574197 2.45866240402
1437 0.000339318382432 2.45866240402
1439 0.000279936852566 2.45866240402
1441 0.000542655574197 2.45866240402
1443 0.000339318382432 2.45866240402
1445 0.00144791033252 2.45866240402
1446 0.00059726006902 2.45866240402
1447 0.000782924181339 2.45866240402
1449 0.000450106849218 2.45866240402
1452 0.000308273499901 2.45866240402
1453 0.000127153845529 2.45866240402
1454 0.000170122471206 2.45866240402
1456 0.000104224724916 2.45866240402
1459 8.26870062767e-05 2.45866240402
1460 3.40626480002e-05 2.45866240402
1461 6.24386047371e-05 2.45866240402
1463 6.90952141327e-05 2.45866240402
1465 4.10307096663e-05 2.45866240402
1468 3.08059344999e-05 2.45866240402
1469 1.69822079441e-05 2.45866240402
1471 1.0532758509e-05 2.45866240402
1473 8.65491002928e-06 2.45866240402
1475 1.69822079441e-05 2.45866240402
1477 1.0532758509e-05 2.45866240402
1479 6.47841416165e-05 2.45866240402
1480 2.65565115555e-05 2.45866240402
1481 6.2395776504e-05 2.45866240402
1483 8.77701081939e-05 2.45866240402
1485 5.37752171894e-05 2.45866240402
1487 2.19598589109e-05 2.45866240402
1489 2.19598589109e-05 2.45866240402
1493 9.87859016051e-05 2.45866240402
1494 4.02887218207e-05 2.45866240402
1495 0.000114166611525 2.45866240402
1497 0.000181432039061 2.45866240402
1499 0.000110535615524 2.45866240402
1501 4.50106844157e-05 2.45866240402
1503 4.50106844157e-05 2.45866240402
1507 0.000220871712304 2.45866240402
1508 8.99065290442e-05 2.45866240402
1509 0.000271278516338 2.45866240402
1511 0.000445747477918 2.45866240402
1513 0.000271163676551 2.45866240402
1515 0.00011033609678 2.45866240402
1517 0.00011033609678 2.45866240402
1521 0.000553051581346 2.45866240402
1522 0.000225014679399 2.45866240402
1523 0.000688559666997 2.45866240402
1525 0.00113943618345 2.45866240402
1527 0.000615922369919 2.45866240402
1530 0.000374552976112 2.45866240402
1532 0.000152377382321 2.45866240402
1536 0.000152377382321 2.45866240402
1540 0.00149636516814 2.45866240402
1541 0.000608735672786 2.45866240402
1542 0.00193013181855 2.45866240402
1544 0.00324830186739 2.45866240402
1546 0.00189921901623 2.45866240402
1549 0.00142040006349 2.45866240402
1550 0.000796203406015 2.45866240402
1552 0.000536814631208 2.45866240402
1554 0.000523377097972 2.45866240402
1555 0.000212914826461 2.45866240402
1557 0.000796203406015 2.45866240402
1559 0.000536814631208 2.45866240402
1561 0.00415575530232 2.45866240402
1562 0.00169052139715 2.45866240402
1563 0.00527715952191 2.45866240402
1565 0.00881711293419 2.45866240402
1567 0.00536075488846 2.45866240402
1569 0.00218066362058 2.45866240402
1571 0.00218066362058 2.45866240402
1575 0.0110374303416 2.45866240402
1576 0.0044897794728 2.45866240402
1577 0.013826972366 2.45866240402
1579 0.0229544342574 2.45866240402
1581 0.0111884759211 2.45866240402
1584 0.0045511542481 2.45866240402
1586 0.0314155168601 2.45866240402
1587 0.0127788325755 2.45866240402
1588 0.0414988298618 2.45866240402
1590 0.0706061081401 2.45866240402
1592 0.0381554899502 2.45866240402
1595 0.0231963834296 2.45866240402
1597 0.00943549266393 2.45866240402
1601 0.00943549266393 2.45866240402
1605 0.0939260772952 2.45866240402
1606 0.0382055093733 2.45866240402
1607 0.122100578363 2.45866240402
1609 0.20625326906 2.45866240402
1611 0.120846245417 2.45866240402
1614 0.0512429356759 2.45866240402
1616 0.090842585163 2.45866240402
1617 0.0351354108115 2.45866240402
1619 0.0512429356759 2.45866240402
1621 0.0351354108115 2.45866240402
1623 0.264120573572 2.45866240402
1624 0.107432454173 2.45866240402
1625 0.335650123454 2.45866240402
1627 0.561073862063 2.45866240402
1630 1.04375288729 2.45866240402
1631 0.424547124106 2.45866240402
1632 1.58045684127 2.45866240402
1634 2.84182645356 2.45866240402
1636 1.66092025381 2.45866240402
1639 1.24157110443 2.45866240402
1640 0.695745722362 2.45866240402
1642 0.468921464394 2.45866240402
1644 0.457096272069 2.45866240402
1645 0.185925485354 2.45866240402
1647 0.695745722362 2.45866240402
1649 0.468921464394 2.45866240402
1651 3.74531355877 2.45866240402
1652 1.52339703116 2.45866240402
1653 4.84273953336 2.45866240402
1655 8.16074457357 2.45866240402
1657 4.7096837953 2.45866240402
1660 3.41819879775 2.45866240402
1661 1.84703681363 2.45866240402
1663 1.12279745888 2.45866240402
1665 0.913391041052 2.45866240402
1667 1.84703681363 2.45866240402
1669 1.12279745888 2.45866240402
1671 10.5111264973 2.45866240402
1672 4.27533493618 2.45866240402
1673 13.4060700499 2.45866240402
1675 22.4484986163 2.45866240402
1677 13.6458471178 2.45866240402
1679 5.55033761513 2.45866240402
1683 5.55033761513 2.45866240402
1687 28.1391865357 2.45866240402
1688 11.4453437711 2.45866240402
1689 35.2883695349 2.45866240402
1691 58.6200424934 2.45866240402
1693 33.8288405305 2.45866240402
1696 24.5508791674 2.45866240402
1697 13.265688005 2.45866240402
1699 8.06380064781 2.45866240402
1701 6.55974647658 2.45866240402
1703 13.265688005 2.45866240402
1705 8.06380064781 2.45866240402
1707 75.0050524863 2.45866240402
1708 30.507369105 2.45866240402
1709 95.2791842531 2.45866240402
1711 159.247831727 2.45866240402
1714 296.247291221 2.45866240402
1715 120.494301569 2.45866240402
1716 448.611697851 2.45866240402
1717 280.494220247 2.45866240402
1720 526.216620058 2.45866240402
1722 312.058569564 2.45866240402
1725 241.012014159 2.45866240402
1728 533.089361232 2.45866240402
1729 216.825362411 2.45866240402
1730 567.618077435 2.45866240402
1732 862.467436048 2.45866240402
1734 524.245257937 2.45866240402
1736 213.22717249 2.45866240402
1738 213.22717249 2.45866240402
1742 1028.62034424 2.45866240402
1743 418.371583812 2.45866240402
1744 1248.15683118 2.45866240402
1746 2040.13936234 2.45866240402
1749 3767.80268315 2.45866240402
1750 1532.47637596 2.45866240402
1751 5691.04351938 2.45866240402
1753 10224.413971 2.45866240402
1755 12362.9360344 2.45866240402
1758 20171.6033866 2.45866240402
1759 7084.16308793 2.45866240402
1760 2881.33705183 2.45866240402
1761 4311.63969362 2.45866240402
1763 3516.59083784 2.45866240402
1765 1900.0436307 2.45866240402
1768 1154.9204991 2.45866240402
1769 469.740988908 2.45866240402
1770 469.740988908 2.45866240402
1773 2434.32807998 2.45866240402
1774 990.114604231 2.45866240402
1775 1478.41395575 2.45866240402
1777 1200.54687529 2.45866240402
1779 648.66838418 2.45866240402
1782 394.287643512 2.45866240402
1784 160.369032665 2.45866240402
1788 160.369032665 2.45866240402
1792 824.617366925 2.45866240402
1793 335.397469047 2.45866240402
1794 491.482781795 2.45866240402
1796 383.755019161 2.45866240402
1798 200.048541409 2.45866240402
1801 108.088939268 2.45866240402
1804 65.701305632 2.45866240402
1805 26.7228340674 2.45866240402
1806 26.7228340674 2.45866240402
1807 251.977980187 2.45866240402
1808 102.487481191 2.45866240402
1809 133.276246456 2.45866240402
1811 75.6978213242 2.45866240402
1814 52.8358444601 2.45866240402
1815 21.4900901673 2.45866240402
1816 32.7150877789 2.45866240402
1818 27.5977614845 2.45866240402
1820 15.925990425 2.45866240402
1823 11.5578266939 2.45866240402
1824 6.24500440038 2.45866240402
1826 3.79608969808 2.45866240402
1828 3.08802317416 2.45866240402
1830 6.24500440038 2.45866240402
1832 3.79608969808 2.45866240402
1834 19.2107582322 2.45866240402
1835 7.81373965936 2.45866240402
1836 11.8198375805 2.45866240402
1838 9.84909480604 2.45866240402
1840 5.68417635228 2.45866240402
1843 4.12557706463 2.45866240402
1844 2.22930790641 2.45866240402
1846 1.3551997721 2.45866240402
1848 1.10245895058 2.45866240402
1850 2.22930790641 2.45866240402
1852 1.3551997721 2.45866240402
1854 6.71025805345 2.45866240402
1855 2.72944612458 2.45866240402
1856 3.91843763692 2.45866240402
1858 2.92260983962 2.45866240402
1860 1.18899151233 2.45866240402
1864 2.07654083147 2.45866240402
1865 0.844959421855 2.45866240402
1866 1.33569379884 2.45866240402
1868 1.20470165288 2.45866240402
1870 0.73452552532 2.45866240402
1872 0.299221405595 2.45866240402
1874 0.299221405595 2.45866240402
1878 0.887259862537 2.45866240402
1879 0.361753298953 2.45866240402
1880 0.609765297624 2.45866240402
1882 0.605875980642 2.45866240402
1884 0.331645602738 2.45866240402
1887 0.204263170954 2.45866240402
1889 0.0836336040677 2.45866240402
1893 0.0836336040677 2.45866240402
1897 0.538787268125 2.45866240402
1898 0.221075917347 2.45866240402
1899 0.486210948647 2.45866240402
1901 0.642929540773 2.45866240402
1904 1.07287266112 2.45866240402
1905 0.442871727885 2.45866240402
1906 1.51329588383 2.45866240402
1908 2.59169733191 2.45866240402
1911 4.76169632066 2.45866240402
1912 1.96677468623 2.45866240402
1913 6.96992644823 2.45866240402
1915 12.1126838808 2.45866240402
1917 6.49961065884 2.45866240402
1920 3.62294176885 2.45866240402
1923 2.27156788122 2.45866240402
1924 0.938273023247 2.45866240402
1925 0.938273023247 2.45866240402
1926 15.8554026213 2.45866240402
1927 6.54910145735 2.45866240402
1928 19.7242140208 2.45866240402
1930 31.8969325371 2.45866240402
1932 21.1248480958 2.45866240402
1934 8.72567478061 2.45866240402
1938 10.5206250385 2.45866240402
1941 4.34557227457 2.45866240402
1945 36.3733763132 2.45866240402
1946 15.0241247014 2.45866240402
1947 41.1388158754 2.45866240402
1949 63.2235917136 2.45866240402
1951 26.114691174 2.45866240402
1955 85.8106257136 2.45866240402
1956 35.4443343998 2.45866240402
1957 109.079337797 2.45866240402
1959 178.270110503 2.45866240402
1961 99.3704788342 2.45866240402
1964 62.3055046389 2.45866240402
1966 25.7354754373 2.45866240402
1970 25.7354754373 2.45866240402
1974 223.141557584 2.45866240402
1975 92.1692897119 2.45866240402
1976 269.785601882 2.45866240402
1978 430.008524842 2.45866240402
1980 458.073753762 2.45866240402
1983 678.986570314 2.45866240402
1984 470.043258153 2.45866240402
1986 458.986656296 2.45866240402
1988 641.16197061 2.45866240402
1989 715.70730617 2.45866240402
1990 412.576561193 2.45866240402
1992 283.139230582 2.45866240402
1994 377.557120307 2.45866240402
1996 272.902611589 2.45866240402
1998 313.189910527 2.45866240402
1999 129.36403291 2.45866240402
2000 198.859215433 2.45866240402
2002 168.247614252 2.45866240402
2004 83.790997992 2.45866240402
2007 34.6101234505 2.45866240402
2009 124.676721702 2.45866240402
2010 51.4980946625 2.45866240402
2011 82.0962337258 2.45866240402
2013 74.0779947866 2.45866240402
2015 41.2922078746 2.45866240402
2018 25.8903056722 2.45866240402
2020 10.6940688113 2.45866240402
2024 10.6940688113 2.45866240402
2028 55.954141972 2.45866240402
2029 23.1120274591 2.45866240402
2030 38.274770265 2.45866240402
2032 36.7089468198 2.45866240402
2034 23.0165959854 2.45866240402
2036 9.50707540463 2.45866240402
2040 9.50707540463 2.45866240402
2044 27.580864476 2.45866240402
2045 11.3923613043 2.45866240402
2046 18.6718625398 2.45866240402
2048 17.6236390793 2.45866240402
2050 11.0500730348 2.45866240402
2052 4.56426849056 2.45866240402
2056 4.56426849056 2.45866240402
2060 12.9448138058 2.45866240402
2061 5.34689896339 2.45866240402
2062 8.36878704554 2.45866240402
2064 7.31596183152 2.45866240402
2066 4.07805140874 2.45866240402
2069 2.55696113466 2.45866240402
2071 1.05616332658 2.45866240402
2075 1.05616332658 2.45866240402
2079 5.26503452398 2.45866240402
2080 2.17474799446 2.45866240402
2081 3.25586536674 2.45866240402
2083 2.61733917051 2.45866240402
2085 1.08111737228 2.45866240402
2089 1.99948430681 2.45866240402
2090 0.825916872485 2.45866240402
2091 1.39734947592 2.45866240402
2093 1.38331768909 2.45866240402
2095 0.916336952327 2.45866240402
2097 0.378528420525 2.45866240402
2101 0.456411583616 2.45866240402
2104 0.188538512101 2.45866240402
2108 1.03503432199 2.45866240402
2109 0.42757966418 2.45866240402
2110 0.694592175264 2.45866240402
2112 0.646207231595 2.45866240402
2114 0.346992220836 2.45866240402
2117 0.193561386888 2.45866240402
2120 0.121452073554 2.45866240402
2121 0.0501841647129 2.45866240402
2122 0.0501841647129 2.45866240402
2123 0.522327712992 2.45866240402
2124 0.215864389438 2.45866240402
2125 0.401807632696 2.45866240402
2127 0.449651258431 2.45866240402
2129 0.238362587482 2.45866240402
2132 0.126760678118 2.45866240402
2135 0.0681710900767 2.45866240402
2138 0.0380907042358 2.45866240402
2140 0.0239395872681 2.45866240402
2141 0.00989982939121 2.45866240402
2144 0.00989982939121 2.45866240402
2147 0.447186141606 2.45866240402
2148 0.184977455216 2.45866240402
2149 0.446453055339 2.45866240402
2151 0.631812998968 2.45866240402
2153 0.391311191281 2.45866240402
2156 0.313723666873 2.45866240402
2157 0.183372408972 2.45866240402
2159 0.129361066663 2.45866240402
2161 0.129203208427 2.45866240402
2162 0.0534715692661 2.45866240402
2164 0.183372408972 2.45866240402
2166 0.129361066663 2.45866240402
2168 0.688910274172 2.45866240402
2169 0.285141019087 2.45866240402
2170 0.747478054837 2.45866240402
2172 1.11683705849 2.45866240402
2174 0.703434971292 2.45866240402
2176 0.291201461071 2.45866240402
2180 0.291201461071 2.45866240402
2184 1.24695880558 2.45866240402
2185 0.516221349759 2.45866240402
2186 1.37903622127 2.45866240402
2188 2.08408981269 2.45866240402
2190 1.31285464889 2.45866240402
2192 0.543523834286 2.45866240402
2196 0.543523834286 2.45866240402
2200 2.34213708743 2.45866240402
2201 0.969651910183 2.45866240402
2202 2.60355786059 2.45866240402
2204 3.94659804315 2.45866240402
2206 2.4861621022 2.45866240402
2208 1.02928243855 2.45866240402
2212 1.02928243855 2.45866240402
2216 4.44305252589 2.45866240402
2217 1.8394326171 2.45866240402
2218 4.94594184526 2.45866240402
2220 7.50370131613 2.45866240402
2222 3.74908071239 2.45866240402
2225 1.55211109818 2.45866240402
2227 9.43002216601 2.45866240402
2228 3.9039733484 2.45866240402
2229 11.370519882 2.45866240402
2231 18.0356740866 2.45866240402
2233 9.55570648317 2.45866240402
2236 5.04639830068 2.45866240402
2239 2.63396914076 2.45866240402
2242 1.31598809482 2.45866240402
2245 0.544809191204 2.45866240402
2249 22.639586351 2.45866240402
2250 9.37242811368 2.45866240402
2251 27.2791072715 2.45866240402
2252 17.0648211509 2.45866240402
2255 26.1905411791 2.45866240402
2257 16.6140015851 2.45866240402
2260 13.9423037319 2.45866240402
2263 19.3733592339 2.45866240402
2264 8.01974432809 2.45866240402
2265 12.5902413134 2.45866240402
2267 11.0439491969 2.45866240402
2269 5.8289476102 2.45866240402
2272 3.0407886527 2.45866240402
2275 1.51855121969 2.45866240402
2276 0.628468974172 2.45866240402
2280 8.26713751673 2.45866240402
2281 3.42028923075 2.45866240402
2282 5.51841283949 2.45866240402
2284 5.08047027714 2.45866240402
2286 2.52961516893 2.45866240402
2289 1.04473257779 2.45866240402
2291 4.25448294587 2.45866240402
2292 1.75416100327 2.45866240402
2293 3.48463791018 2.45866240402
2295 4.2194049185 2.45866240402
2297 2.3186884186 2.45866240402
2300 1.43377195681 2.45866240402
2301 0.588211511695 2.45866240402
2302 0.588211511695 2.45866240402
2305 4.48561894279 2.45866240402
2306 1.83524185497 2.45866240402
2307 4.90967842913 2.45866240402
2309 7.54209519025 2.45866240402
2311 4.381750099 2.45866240402
2314 3.20629688587 2.45866240402
2315 1.74113018803 2.45866240402
2317 1.06380457241 2.45866240402
2319 0.86763332638 2.45866240402
2321 1.74113018803 2.45866240402
2323 1.06380457241 2.45866240402
2325 9.21120365147 2.45866240402
2326 3.75152194919 2.45866240402
2327 11.3233780271 2.45866240402
2329 18.6094661327 2.45866240402
2331 9.5867228045 2.45866240402
2334 4.95184645568 2.45866240402
2337 2.58329133937 2.45866240402
2340 1.39695112541 2.45866240402
2342 0.849859046259 2.45866240402
2343 0.345816207846 2.45866240402
2346 0.345816207846 2.45866240402
2349 24.826971924 2.45866240402
2350 10.0999348123 2.45866240402
2351 32.3187999232 2.45866240402
2353 54.6254680298 2.45866240402
2355 31.5262281527 2.45866240402
2358 22.882151093 2.45866240402
2359 12.3648015074 2.45866240402
2361 7.5166754328 2.45866240402
2363 6.11487693107 2.45866240402
2365 12.3648015074 2.45866240402
2367 7.5166754328 2.45866240402
2369 70.4527778557 2.45866240402
2370 28.6558437245 2.45866240402
2371 89.9328062247 2.45866240402
2373 150.658444512 2.45866240402
2376 280.483224776 2.45866240402
2377 114.079967847 2.45866240402
2378 424.872962754 2.45866240402
2380 764.133796968 2.45866240402
2382 398.326455238 2.45866240402
2385 215.214852875 2.45866240402
2388 130.813303955 2.45866240402
2389 53.2051650811 2.45866240402
2390 53.2051650811 2.45866240402
2391 1055.54458124 2.45866240402
2392 429.317198471 2.45866240402
2393 1401.77321188 2.45866240402
2395 2390.93837886 2.45866240402
2397 1291.81689678 2.45866240402
2400 785.199670401 2.45866240402
2401 319.360883368 2.45866240402
2402 319.360883368 2.45866240402
2405 3184.91374645 2.45866240402
2406 1295.38606077 2.45866240402
2407 4144.29534966 2.45866240402
2409 7004.49998716 2.45866240402
2411 4102.98619681 2.45866240402
2414 1738.96007856 2.45866240402
2416 3083.34874228 2.45866240402
2417 1192.16279589 2.45866240402
2419 1738.96007856 2.45866240402
2421 1192.16279589 2.45866240402
2423 8974.40426955 2.45866240402
2424 3650.11948626 2.45866240402
2425 11410.3932569 2.45866240402
2427 19079.8801271 2.45866240402
2429 7760.27377061 2.45866240402
2433 27740.284834 2.45866240402
2434 11282.6807532 2.45866240402
2435 37841.3905315 2.45866240402
2437 65298.8630156 2.45866240402
2439 41735.4281357 2.45866240402
2441 16974.8613384 2.45866240402
2445 20339.5425265 2.45866240402
2448 8272.60995689 2.45866240402
2452 80970.9482428 2.45866240402
2453 32932.9444387 2.45866240402
2454 100848.31193 2.45866240402
2456 166980.882512 2.45866240402
2458 85570.3995449 2.45866240402
2461 43407.7422332 2.45866240402
2464 21154.5326613 2.45866240402
2465 8604.08620121 2.45866240402
2469 224130.71705 2.45866240402
2470 91159.6543927 2.45866240402
2471 292920.993274 2.45866240402
2473 496062.82856 2.45866240402
2476 926729.573055 2.45866240402
2477 376924.425665 2.45866240402
2478 1405527.07818 2.45866240402
2480 2528985.80815 2.45866240402
2482 1537180.37609 2.45866240402
2484 625210.241604 2.45866240402
2488 625210.241604 2.45866240402
2492 3275212.7829 2.45866240402
2493 1332112.05854 2.45866240402
2494 4191542.11503 2.45866240402
2496 7030371.18682 2.45866240402
2498 2859430.0565 2.45866240402
2502 10234332.3292 2.45866240402
2503 4162562.15497 2.45866240402
2504 13969828.1324 2.45866240402
2506 24112750.3337 2.45866240402
2508 13913805.3812 2.45866240402
2511 10096591.3733 2.45866240402
2512 5455148.88379 2.45866240402
2514 3315774.49681 2.45866240402
2516 2697218.95987 2.45866240402
2518 5455148.88379 2.45866240402
2520 3315774.49681 2.45866240402
2522 31401465.1066 2.45866240402
2523 12771770.5805 2.45866240402
2524 40321063.6836 2.45866240402
2526 67734397.979 2.45866240402
2528 41170636.9864 2.45866240402
2530 16745139.6329 2.45866240402
2532 16745139.6329 2.45866240402
2536 85044285.0358 2.45866240402
2537 34589661.5624 2.45866240402
2538 106771089.395 2.45866240402
2540 177469735.243 2.45866240402
2542 139138184.971 2.45866240402
2545 164624019.833 2.45866240402
2546 107283404.56 2.45866240402
2548 99149583.9719 2.45866240402
2550 136491882.25 2.45866240402
2551 158333197.929 2.45866240402
2552 88171873.2806 2.45866240402
2554 58451611.2105 2.45866240402
2556 78104582.9964 2.45866240402
2558 55540864.0344 2.45866240402
2560 190428824.546 2.45866240402
2561 77452213.3919 2.45866240402
2562 213278192.928 2.45866240402
2564 333950216.462 2.45866240402
2566 202983110.221 2.45866240402
2568 82558352.8545 2.45866240402
2572 82558352.8545 2.45866240402
2576 404809507.586 2.45866240402
2577 164646238.661 2.45866240402
2578 496693439.255 2.45866240402
2580 816391963.453 2.45866240402
2582 418364847.972 2.45866240402
2585 212225953.048 2.45866240402
2588 103427120.635 2.45866240402
2589 42066418.3683 2.45866240402
2593 1092173928.12 2.45866240402
2594 444214679.457 2.45866240402
2595 1424680324.16 2.45866240402
2597 2410634017.38 2.45866240402
2599 980465644.707 2.45866240402
2603 3521789255.4 2.45866240402
2604 1432400499.91 2.45866240402
2605 4815856316.83 2.45866240402
2607 8318775612.04 2.45866240402
2609 4494599556.65 2.45866240402
2612 2731927338.09 2.45866240402
2614 1111143739.73 2.45866240402
2618 1111143739.73 2.45866240402
2622 11142604969.7 2.45866240402
2623 4531978425.32 2.45866240402
2624 14545149883.3 2.45866240402
2626 24619008208.4 2.45866240402
2628 10013171457.9 2.45866240402
2632 35971508564.6 2.45866240402
2633 14630519629.7 2.45866240402
2634 49192267885.3 2.45866240402
2636 84975671053.2 2.45866240402
2638 41412413398.4 2.45866240402
2641 16843472829.3 2.45866240402
2643 1.18321806391e+11 2.45866240402
2644 48124462389.6 2.45866240402
2645 1.57813243507e+11 2.45866240402
2647 2.69687682275e+11 2.45866240402
2649 1.09688781117e+11 2.45866240402
2653 3.95568940614e+11 2.45866240402
2654 1.60887863241e+11 2.45866240402
2655 5.4199493697e+11 2.45866240402
2657 9.37013634084e+11 2.45866240402
2659 3.81107073729e+11 2.45866240402
2663 1.38069818348e+12 2.45866240402
2664 5.61564768396e+11 2.45866240402
2665 1.89609231254e+12 2.45866240402
2666 1.17373943396e+12 2.45866240402
2669 2.10741326595e+12 2.45866240402
2671 1.25968899461e+12 2.45866240402
2674 9.89736705857e+11 2.45866240402
2677 2.02563645958e+12 2.45866240402
2678 8.23877428746e+11 2.45866240402
2679 2.04906551269e+12 2.45866240402
2680 1.21968813279e+12 2.45866240402
2683 1.79263574704e+12 2.45866240402
2685 1.1153916807e+12 2.45866240402
2688 9.49735844038e+11 2.45866240402
2691 1.24302892198e+12 2.45866240402
2692 5.05571208128e+11 2.45866240402
2693 7.57981522408e+11 2.45866240402
2695 6.20591750106e+11 2.45866240402
2697 3.35303118453e+11 2.45866240402
2700 2.03805421184e+11 2.45866240402
2702 82892804173.0 2.45866240402
2706 82892804173.0 2.45866240402
2710 4.32540963367e+11 2.45866240402
2711 1.75925317222e+11 2.45866240402
2712 2.66955137498e+11 2.45866240402
2714 2.23811596756e+11 2.45866240402
2716 1.36038152446e+11 2.45866240402
2718 55330147085.4 2.45866240402
2722 55330147085.4 2.45866240402
2726 1.47283868576e+11 2.45866240402
2727 59904063420.4 2.45866240402
2728 78405650202.5 2.45866240402
2730 45489155829.3 2.45866240402
2733 33436827010.0 2.45866240402
2734 13599600728.8 2.45866240402
2735 23121112892.8 2.45866240402
2737 23410183957.5 2.45866240402
2739 18353774248.5 2.45866240402
2742 21715550688.0 2.45866240402
2743 14151737305.3 2.45866240402
2745 13078793706.6 2.45866240402
2747 18004601003.8 2.45866240402
2748 20885696403.8 2.45866240402
2749 11630724732.7 2.45866240402
2751 7710329167.59 2.45866240402
2753 10302745383.2 2.45866240402
2755 7326371673.06 2.45866240402
2757 16082851954.6 2.45866240402
2758 6541301462.75 2.45866240402
2759 9590817968.59 2.45866240402
2761 7497731556.66 2.45866240402
2763 3653977149.93 2.45866240402
2766 1486164654.89 2.45866240402
2768 5189595510.56 2.45866240402
2769 2110739372.83 2.45866240402
2770 3150992371.35 2.45866240402
2772 2557630885.78 2.45866240402
2774 1316667781.02 2.45866240402
2777 679610619.072 2.45866240402
2780 354265262.119 2.45866240402
2783 191408043.073 2.45866240402
2785 116342486.743 2.45866240402
2786 47319424.2704 2.45866240402
2789 47319424.2704 2.45866240402
2792 1820690622.81 2.45866240402
2793 740520815.445 2.45866240402
2794 1178311723.39 2.45866240402
2796 1076379918.32 2.45866240402
2798 628974319.67 2.45866240402
2801 470055405.353 2.45866240402
2802 263366542.213 2.45866240402
2804 177473924.423 2.45866240402
2806 172981863.484 2.45866240402
2807 70356095.9516 2.45866240402
2809 263366542.213 2.45866240402
2811 177473924.423 2.45866240402
2813 839168484.208 2.45866240402
2814 341311046.018 2.45866240402
2815 645540667.776 2.45866240402
2817 747997649.374 2.45866240402
2819 478078571.38 2.45866240402
2821 194446686.732 2.45866240402
2825 232989019.95 2.45866240402
2828 94762547.4352 2.45866240402
2832 715453770.773 2.45866240402
2833 290993221.253 2.45866240402
2834 720067635.507 2.45866240402
2835 428283532.134 2.45866240402
2838 626665034.198 2.45866240402
2840 390294328.29 2.45866240402
2843 332936436.772 2.45866240402
2846 430394971.991 2.45866240402
2847 175052587.627 2.45866240402
2848 256477722.634 2.45866240402
2850 200196792.791 2.45866240402
2852 104358066.202 2.45866240402
2855 56384298.6084 2.45866240402
2858 34271798.8359 2.45866240402
2859 13939214.2428 2.45866240402
2860 13939214.2428 2.45866240402
2861 131380234.663 2.45866240402
2862 53435689.12 2.45866240402
2863 69386954.877 2.45866240402
2865 39218750.2233 2.45866240402
2868 27038645.8369 2.45866240402
2869 10997307.103 2.45866240402
2870 16262796.8767 2.45866240402
2872 12946051.1566 2.45866240402
2874 6634288.96773 2.45866240402
2877 3365412.24456 2.45866240402
2880 1640116.62029 2.45866240402
2881 667077.368198 2.45866240402
2885 8932857.71468 2.45866240402
2886 3633221.61741 2.45866240402
2887 5383590.00581 2.45866240402
2889 4303560.76256 2.45866240402
2891 2243350.48291 2.45866240402
2894 1212075.30161 2.45866240402
2897 736730.482415 2.45866240402
2898 299647.179998 2.45866240402
2899 299647.179998 2.45866240402
2902 2954052.39891 2.45866240402
2903 1201488.83825 2.45866240402
2904 1757960.60191 2.45866240402
2906 1368174.55232 2.45866240402
2908 666773.273605 2.45866240402
2911 271193.837866 2.45866240402
2913 939141.449182 2.45866240402
2914 381973.02136 2.45866240402
2915 558881.146723 2.45866240402
2917 434956.472323 2.45866240402
2919 211974.186608 2.45866240402
2922 86215.4255899 2.45866240402
2924 298553.645889 2.45866240402
2925 121429.632014 2.45866240402
2926 177654.51789 2.45866240402
2928 138236.949742 2.45866240402
2930 71368.1263946 2.45866240402
2933 37231.8143604 2.45866240402
2934 90852.7661815 2.45866240402
2935 36952.6154553 2.45866240402
2936 48183.7054271 2.45866240402
2938 27611.2147248 2.45866240402
2941 19697.5041174 2.45866240402
2942 8013.10279327 2.45866240402
2943 12795.461975 2.45866240402
2945 11748.0509989 2.45866240402
2947 7523.73642592 2.45866240402
2949 3062.81321657 2.45866240402
2953 3671.2337365 2.45866240402
2956 1494.53318939 2.45866240402
2960 8540.64510992 2.45866240402
2961 3478.62670051 2.45866240402
2962 5742.46158846 2.45866240402
2964 5543.48965118 2.45866240402
2966 3019.78889513 2.45866240402
2969 1850.84536908 2.45866240402
2970 755.954007176 2.45866240402
2971 755.954007176 2.45866240402
2972 4812.67290791 2.45866240402
2973 1968.77746879 2.45866240402
2974 4252.79131914 2.45866240402
2976 5561.78046063 2.45866240402
2978 3354.68730368 2.45866240402
2981 2606.59314601 2.45866240402
2982 1495.67638705 2.45866240402
2984 1034.52823028 2.45866240402
2986 1022.61313137 2.45866240402
2987 420.125342122 2.45866240402
2989 1495.67638705 2.45866240402
2991 1034.52823028 2.45866240402
2993 5936.39655937 2.45866240402
2994 2440.57981534 2.45866240402
2995 6437.5065404 2.45866240402
2997 9708.13917187 2.45866240402
2999 5904.21609746 2.45866240402
3002 4632.30706906 2.45866240402
3003 2673.27315299 2.45866240402
3005 1860.29388399 2.45866240402
3007 1844.73682628 2.45866240402
3008 759.586910656 2.45866240402
3010 2673.27315299 2.45866240402
3012 1860.29388399 2.45866240402
3014 11238.6137559 2.45866240402
3015 4628.26180157 2.45866240402
3016 12954.0318276 2.45866240402
3018 20211.5225308 2.45866240402
3020 12602.982603 2.45866240402
3022 5191.60242099 2.45866240402
3024 5191.60242099 2.45866240402
3028 23508.3494309 2.45866240402
3029 9684.24627759 2.45866240402
3030 27170.5152039 2.45866240402
3031 16784.9494599 2.45866240402
3034 25661.1931273 2.45866240402
3036 16163.3033165 2.45866240402
3039 13573.4881936 2.45866240402
3042 18956.105591 2.45866240402
3043 7809.31740118 2.45866240402
3044 12543.0722824 2.45866240402
3046 11490.3308292 2.45866240402
3048 7009.38773478 2.45866240402
3051 3199.03439651 2.45866240402
3053 5523.62191619 2.45866240402
3054 2241.35049339 2.45866240402
3056 3199.03439651 2.45866240402
3058 2241.35049339 2.45866240402
3060 8338.2820079 2.45866240402
3061 3435.20523766 2.45866240402
3062 5314.03018359 2.45866240402
3064 4560.40883589 2.45866240402
3066 2435.08100832 2.45866240402
3069 1350.17409766 2.45866240402
3072 842.137545464 2.45866240402
3073 346.951870382 2.45866240402
3074 346.951870382 2.45866240402
3075 3320.23291842 2.45866240402
3076 1367.89761442 2.45866240402
3077 2130.74869074 2.45866240402
3079 1851.60783987 2.45866240402
3081 988.721375992 2.45866240402
3084 548.234457384 2.45866240402
3087 341.959898966 2.45866240402
3088 140.886376448 2.45866240402
3089 140.886376448 2.45866240402
3090 1374.79623428 2.45866240402
3091 566.410595553 2.45866240402
3092 918.901703714 2.45866240402
3094 855.559230661 2.45866240402
3096 533.66592721 2.45866240402
3098 219.871248529 2.45866240402
3100 219.871248529 2.45866240402
3104 624.030430819 2.45866240402
3105 257.102015689 2.45866240402
3106 401.968497983 2.45866240402
3108 351.612980634 2.45866240402
3110 194.975395729 2.45866240402
3113 121.621541959 2.45866240402
3114 50.1089134354 2.45866240402
3115 50.1089134354 2.45866240402
3118 256.475015066 2.45866240402
3119 105.669326862 2.45866240402
3120 165.220830716 2.45866240402
3122 144.54034232 2.45866240402
3124 80.1502895531 2.45866240402
3127 49.9961682158 2.45866240402
3128 20.5987856996 2.45866240402
3129 20.5987856996 2.45866240402
3132 105.450010406 2.45866240402
3133 43.4458185515 2.45866240402
3134 67.9582065744 2.45866240402
3136 59.4980007479 2.45866240402
3138 31.7696322256 2.45866240402
3141 17.6151925254 2.45866240402
3144 10.9869839825 2.45866240402
3145 4.52650892048 2.45866240402
3146 4.52650892048 2.45866240402
3147 44.689524462 2.45866240402
3148 18.4106709976 2.45866240402
3149 30.5694456033 2.45866240402
3151 29.5205511552 2.45866240402
3153 14.6427996357 2.45866240402
3156 6.03100783908 2.45866240402
3158 26.4613882819 2.45866240402
3159 10.8970261916 2.45866240402
3160 23.8389953037 2.45866240402
3162 31.438865214 2.45866240402
3164 18.7936733014 2.45866240402
3167 14.2150200358 2.45866240402
3168 7.86880820198 2.45866240402
3170 4.89996022953 2.45866240402
3172 4.03420802542 2.45866240402
3174 7.86880820198 2.45866240402
3176 4.89996022953 2.45866240402
3178 33.7392284264 2.45866240402
3179 13.8872203894 2.45866240402
3180 36.6439507262 2.45866240402
3182 55.2973350814 2.45866240402
3184 34.4131875732 2.45866240402
3186 14.162199412 2.45866240402
3190 14.162199412 2.45866240402
3194 63.3117151354 2.45866240402
3195 26.0539217719 2.45866240402
3196 72.4978927538 2.45866240402
3198 112.865277356 2.45866240402
3200 74.0947666019 2.45866240402
3202 30.4899398588 2.45866240402
3206 36.7053105871 2.45866240402
3209 15.1042081426 2.45866240402
3213 127.685596507 2.45866240402
3214 52.5420163262 2.45866240402
3215 144.88936286 2.45866240402
3217 224.421646696 2.45866240402
3219 136.212995736 2.45866240402
3222 106.601877689 2.45866240402
3223 61.4249309219 2.45866240402
3225 42.6723950867 2.45866240402
3227 42.2771081715 2.45866240402
3228 17.3966251674 2.45866240402
3230 61.4249309219 2.45866240402
3232 42.6723950867 2.45866240402
3234 264.285006192 2.45866240402
3235 108.750473991 2.45866240402
3236 309.092343364 2.45866240402
3238 486.871404115 2.45866240402
3240 254.45834282 2.45866240402
3243 131.514013264 2.45866240402
3246 65.1474003466 2.45866240402
3247 26.807390953 2.45866240402
3251 619.645643581 2.45866240402
3252 254.976787785 2.45866240402
3253 764.017213809 2.45866240402
3255 1237.0727234 2.45866240402
3257 738.581714029 2.45866240402
3260 557.832445539 2.45866240402
3261 308.532814916 2.45866240402
3263 191.965623976 2.45866240402
3265 157.983053822 2.45866240402
3267 308.532814916 2.45866240402
3269 191.965623976 2.45866240402
3271 1503.74171859 2.45866240402
3272 618.771434489 2.45866240402
3273 1798.55717771 2.45866240402
3275 2867.12199842 2.45866240402
3277 1783.89023652 2.45866240402
3279 734.049081255 2.45866240402
3283 734.049081255 2.45866240402
3287 3385.24871322 2.45866240402
3288 1392.98854682 2.45866240402
3289 3966.74019017 2.45866240402
3291 6254.74603739 2.45866240402
3293 3891.63057448 2.45866240402
3295 1601.3584767 2.45866240402
3299 1601.3584767 2.45866240402
3303 7341.94900748 2.45866240402
3304 3021.12238383 2.45866240402
3305 8566.57831889 2.45866240402
3307 13476.5989868 2.45866240402
3309 8188.60878172 2.45866240402
3312 3710.79389149 2.45866240402
3314 6423.40528745 2.45866240402
3315 2594.58742278 2.45866240402
3317 3710.79389149 2.45866240402
3319 2594.58742278 2.45866240402
3321 15995.721459 2.45866240402
3322 6582.04406924 2.45866240402
3323 18814.2514892 2.45866240402
3325 29726.7810458 2.45866240402
3327 17748.0616126 2.45866240402
3330 13404.6606829 2.45866240402
3331 7414.01105862 2.45866240402
3333 4612.91176703 2.45866240402
3335 3796.31373187 2.45866240402
3337 7414.01105862 2.45866240402
3339 4612.91176703 2.45866240402
3341 35679.8817049 2.45866240402
3342 14681.8356482 2.45866240402
3343 42300.8376943 2.45866240402
3345 67119.858142 2.45866240402
3347 44060.5757499 2.45866240402
3349 18130.3889113 2.45866240402
3353 21826.0183766 2.45866240402
3356 8981.14005133 2.45866240402
3360 76753.6531136 2.45866240402
3361 31583.1910407 2.45866240402
3362 87824.1215106 2.45866240402
3364 136677.033764 2.45866240402
3366 89721.1192812 2.45866240402
3368 36919.1450255 2.45866240402
3372 44444.6030195 2.45866240402
3375 18288.4114423 2.45866240402
3379 154608.075349 2.45866240402
3380 63619.3351311 2.45866240402
3381 175433.067978 2.45866240402
3382 107927.208543 2.45866240402
3385 163803.170241 2.45866240402
3387 103141.647634 2.45866240402
3390 86852.257015 2.45866240402
3393 119500.693931 2.45866240402
3394 49173.0763634 2.45866240402
3395 77435.0293628 2.45866240402
3397 68682.3612645 2.45866240402
3399 37987.6669447 2.45866240402
3402 23635.4861521 2.45866240402
3404 9725.71394529 2.45866240402
3408 9725.71394529 2.45866240402
3412 51489.5743688 2.45866240402
3413 21187.331128 2.45866240402
3414 35260.5683589 2.45866240402
3416 34200.8623284 2.45866240402
3418 22451.0260708 2.45866240402
3420 9238.32308491 2.45866240402
3424 11121.4276979 2.45866240402
3427 4576.33169703 2.45866240402
3431 25403.5385572 2.45866240402
3432 10453.2459207 2.45866240402
3433 17081.717744 2.45866240402
3435 16108.5504748 2.45866240402
3437 10022.5534308 2.45866240402
3439 4124.15835415 2.45866240402
3443 4124.15835415 2.45866240402
3447 12042.8211437 2.45866240402
3448 4955.47384907 2.45866240402
3449 8202.50911316 2.45866240402
3451 7890.96383597 2.45866240402
3453 5179.99321474 2.45866240402
3455 2131.50395638 2.45866240402
3459 2565.98160951 2.45866240402
3462 1055.87009981 2.45866240402
3466 5794.16352142 2.45866240402
3467 2384.22753811 2.45866240402
3468 3805.81825118 2.45866240402
3470 3454.75795428 2.45866240402
3472 2062.6268567 2.45866240402
3475 1557.84973539 2.45866240402
3476 861.634279963 2.45866240402
3478 536.098863891 2.45866240402
3480 441.196272665 2.45866240402
3482 861.634279963 2.45866240402
3484 536.098863891 2.45866240402
3486 2527.32760851 2.45866240402
3487 1039.96445038 2.45866240402
3488 1647.20373363 2.45866240402
3490 1475.71641027 2.45866240402
3492 881.060942883 2.45866240402
3495 665.44297736 2.45866240402
3496 368.051210344 2.45866240402
3498 228.99719789 2.45866240402
3500 188.459101415 2.45866240402
3502 368.051210344 2.45866240402
3504 228.99719789 2.45866240402
3506 1058.02985945 2.45866240402
3507 435.366367846 2.45866240402
3508 660.147491779 2.45866240402
3510 546.2643845 2.45866240402
3512 270.599652628 2.45866240402
3515 111.348452836 2.45866240402
3517 396.787715075 2.45866240402
3518 163.273299683 2.45866240402
3519 254.73811069 2.45866240402
3521 222.278311517 2.45866240402
3523 134.90916427 2.45866240402
3526 105.578718 2.45866240402
3527 60.8344227336 2.45866240402
3529 42.2614471795 2.45866240402
3531 41.869590076 2.45866240402
3532 17.2288250577 2.45866240402
3534 60.8344227336 2.45866240402
3536 42.2614471795 2.45866240402
3538 150.534760366 2.45866240402
3539 61.9432157505 2.45866240402
3540 81.6089160529 2.45866240402
3542 47.7916983579 2.45866240402
3545 34.5347450842 2.45866240402
3546 14.2106259073 2.45866240402
3547 21.9242125248 2.45866240402
3549 18.7456027102 2.45866240402
3551 9.98639685563 2.45866240402
3554 5.52339655632 2.45866240402
3557 3.43659332893 2.45866240402
3558 1.41411619151 2.45866240402
3559 1.41411619151 2.45866240402
3562 13.6450624994 2.45866240402
3563 5.6147766022 2.45866240402
3564 8.79993031447 2.45866240402
3566 7.74057893187 2.45866240402
3568 4.28125255123 2.45866240402
3571 2.66374572363 2.45866240402
3573 1.09609883897 2.45866240402
3577 1.09609883897 2.45866240402
3581 5.73001672281 2.45866240402
3582 2.35783191364 2.45866240402
3583 3.82670886003 2.45866240402
3585 3.56967323156 2.45866240402
3587 2.2210093171 2.45866240402
3589 0.913918213817 2.45866240402
3593 0.913918213817 2.45866240402
3597 2.62732230946 2.45866240402
3598 1.08111104879 2.45866240402
3599 1.73414955761 2.45866240402
3601 1.58701795257 2.45866240402
3603 0.947512356561 2.45866240402
3606 0.715632044087 2.45866240402
3607 0.395810383356 2.45866240402
3609 0.24626863362 2.45866240402
3611 0.202673071224 2.45866240402
3613 0.395810383356 2.45866240402
3615 0.24626863362 2.45866240402
3617 1.17511827243 2.45866240402
3618 0.483546820015 2.45866240402
3619 0.785214434241 2.45866240402
3621 0.73311437695 2.45866240402
3623 0.456135269532 2.45866240402
3625 0.187694093663 2.45866240402
3627 0.187694093663 2.45866240402
3631 0.540269085622 2.45866240402
3632 0.222314131648 2.45866240402
3633 0.357536541065 2.45866240402
3635 0.328618279685 2.45866240402
3637 0.204462485388 2.45866240402
3639 0.0841338160904 2.45866240402
3643 0.0841338160904 2.45866240402
3647 0.236611013246 2.45866240402
3648 0.0973625427445 2.45866240402
3649 0.149032627357 2.45866240402
3651 0.125568937814 2.45866240402
3653 0.0658267486367 2.45866240402
3656 0.0344036066103 2.45866240402
3659 0.0177810946811 2.45866240402
3662 0.00880811229892 2.45866240402
3665 0.00362443065681 2.45866240402
3669 0.0902989813055 2.45866240402
3670 0.0371569281869 2.45866240402
3671 0.0567192394952 2.45866240402
3673 0.0475404418446 2.45866240402
3675 0.0253263512491 2.45866240402
3678 0.0140078031308 2.45866240402
3681 0.00871549277061 2.45866240402
3682 0.00358631885064 2.45866240402
3683 0.00358631885064 2.45866240402
3684 0.0334874654227 2.45866240402
3685 0.0137796831034 2.45866240402
3686 0.0200613068187 2.45866240402
3688 0.0152656382505 2.45866240402
3690 0.00628162371535 2.45866240402
3694 0.0107557117455 2.45866240402
3695 0.00442584402151 2.45866240402
3696 0.00644711064148 2.45866240402
3698 0.00491209394592 2.45866240402
3700 0.00202126661997 2.45866240402
3704 0.00346902214036 2.45866240402
3705 0.00142746016778 2.45866240402
3706 0.00209088400247 2.45866240402
3708 0.00161225687906 2.45866240402
3710 0.00066342383469 2.45866240402
3714 0.00116380922173 2.45866240402
3715 0.000478893021698 2.45866240402
3716 0.00073714753608 2.45866240402
3718 0.000627613018584 2.45866240402
3720 0.000334348602719 2.45866240402
3723 0.000184924705678 2.45866240402
3726 0.00011505748925 2.45866240402
3727 4.73446463168e-05 2.45866240402
3728 4.73446463168e-05 2.45866240402
3731 0.000453736065083 2.45866240402
3732 0.000186706095166 2.45866240402
3733 0.000288357353765 2.45866240402
3735 0.000247037240349 2.45866240402
3737 0.000131601037195 2.45866240402
3740 7.27852298679e-05 2.45866240402
3743 4.52847365956e-05 2.45866240402
3744 1.86338337962e-05 2.45866240402
3745 1.86338337962e-05 2.45866240402
3748 0.000180402094799 2.45866240402
3749 7.42312615209e-05 2.45866240402
3750 0.000117157519766 2.45866240402
3752 0.000104329500445 2.45866240402
3754 5.5569802476e-05 2.45866240402
3757 3.07293081254e-05 2.45866240402
3760 1.91157794154e-05 2.45866240402
3761 7.865170361e-06 2.45866240402
3762 7.865170361e-06 2.45866240402
3765 8.08388173485e-05 2.45866240402
3766 3.32589629636e-05 2.45866240402
3767 5.88973754861e-05 2.45866240402
3769 6.23323608098e-05 2.45866240402
3771 3.31805361871e-05 2.45866240402
3774 1.83364681569e-05 2.45866240402
3777 1.13992345786e-05 2.45866240402
3778 4.68871526672e-06 2.45866240402
3779 4.68871526672e-06 2.45866240402
3780 5.94651731864e-05 2.45866240402
3781 2.44555587776e-05 2.45866240402
3782 5.78052873955e-05 2.45866240402
3784 8.11138826915e-05 2.45866240402
3786 4.01340691961e-05 2.45866240402
3789 1.65010047624e-05 2.45866240402
3791 9.93474912355e-05 2.45866240402
3792 4.08436764437e-05 2.45866240402
3793 0.000119693675219 2.45866240402
3795 0.000191806780754 2.45866240402
3797 7.88499987754e-05 2.45866240402
3801 0.000268036446715 2.45866240402
3802 0.000110186137339 2.45866240402
3803 0.000350026830875 2.45866240402
3805 0.000583436352514 2.45866240402
3807 0.000362285226581 2.45866240402
3809 0.000148929253756 2.45866240402
3811 0.000148929253756 2.45866240402
3815 0.000706954929968 2.45866240402
3816 0.000290616673626 2.45866240402
3817 0.000845687509719 2.45866240402
3819 0.00135026878872 2.45866240402
3821 0.000838445675833 2.45866240402
3823 0.000344669703387 2.45866240402
3825 0.000344669703387 2.45866240402
3829 0.00160053912007 2.45866240402
3830 0.000657952225929 2.45866240402
3831 0.00188526148283 2.45866240402
3833 0.00298556182266 2.45866240402
3835 0.00158753452474 2.45866240402
3838 0.000876286722998 2.45866240402
3841 0.000544127214474 2.45866240402
3842 0.000223680636114 2.45866240402
3843 0.000223680636114 2.45866240402
3846 0.00378990436537 2.45866240402
3847 0.00155795952358 2.45866240402
3848 0.00467582927358 2.45866240402
3850 0.00758455439478 2.45866240402
3852 0.00396920677567 2.45866240402
3855 0.00207096912226 2.45866240402
3858 0.00106864894541 2.45866240402
3861 0.000528634679439 2.45866240402
3864 0.000217311919734 2.45866240402
3868 0.00980521042685 2.45866240402
3869 0.00403074025892 2.45866240402
3870 0.0122369372785 2.45866240402
3872 0.0199624594957 2.45866240402
3874 0.00820619701958 2.45866240402
3878 0.0281177018798 2.45866240402
3879 0.0115586659641 2.45866240402
3880 0.0368782176349 2.45866240402
3882 0.0615925409 2.45866240402
3884 0.032751043011 2.45866240402
3887 0.0180779043913 2.45866240402
3890 0.0112254096575 2.45866240402
3891 0.00461455779676 2.45866240402
3892 0.00461455779676 2.45866240402
3893 0.0802012396651 2.45866240402
3894 0.032969242735 2.45866240402
3895 0.100536383934 2.45866240402
3897 0.164364360095 2.45866240402
3899 0.086016406341 2.45866240402
3902 0.0448798277613 2.45866240402
3905 0.0231586163162 2.45866240402
3908 0.0114560047762 2.45866240402
3911 0.00470935117446 2.45866240402
3915 0.213281247244 2.45866240402
3916 0.0876759666124 2.45866240402
3917 0.266789315934 2.45866240402
3919 0.435712544901 2.45866240402
3921 0.231684552854 2.45866240402
3924 0.127885123957 2.45866240402
3927 0.0794098073745 2.45866240402
3928 0.0326438995931 2.45866240402
3929 0.0326438995931 2.45866240402
3930 0.561443901173 2.45866240402
3931 0.230799178897 2.45866240402
3932 0.699261134103 2.45866240402
3934 1.13958424343 2.45866240402
3936 0.707620733973 2.45866240402
3938 0.290889764832 2.45866240402
3942 0.290889764832 2.45866240402
3946 1.36527974171 2.45866240402
3947 0.561241190296 2.45866240402
3948 1.62036482343 2.45866240402
3950 2.57643249499 2.45866240402
3952 1.59982648406 2.45866240402
3954 0.657659007741 2.45866240402
3956 0.657659007741 2.45866240402
3960 3.04725867998 2.45866240402
3961 1.25267154897 2.45866240402
3962 3.58368143064 2.45866240402
3964 5.67043300415 2.45866240402
3966 2.9742115587 2.45866240402
3969 1.56465746737 2.45866240402
3972 0.831986524384 2.45866240402
3975 0.459239507099 2.45866240402
3977 0.285163118959 2.45866240402
3978 0.117225271451 2.45866240402
3981 0.117225271451 2.45866240402
3984 7.23604701384 2.45866240402
3985 2.97460477558 2.45866240402
3986 8.95742719853 2.45866240402
3988 14.5538609639 2.45866240402
3990 7.59360686579 2.45866240402
3993 3.91840692685 2.45866240402
3996 1.93834069713 2.45866240402
3997 0.796815924978 2.45866240402
4001 18.8528027844 2.45866240402
4002 7.7500377058 2.45866240402
4003 23.5575779215 2.45866240402
4005 38.4535468728 2.45866240402
4007 23.8775915279 2.45866240402
4009 9.8156352021 2.45866240402
4013 9.8156352021 2.45866240402
4017 46.10723164 2.45866240402
4018 18.9538281294 2.45866240402
4019 54.7534399519 2.45866240402
4021 87.0864177733 2.45866240402
4023 57.0366289649 2.45866240402
4025 23.4467007463 2.45866240402
4029 28.2146344743 2.45866240402
4032 11.5985131518 2.45866240402
4036 100.057037085 2.45866240402
4037 41.1315929552 2.45866240402
4038 115.181525998 2.45866240402
4040 180.134450529 2.45866240402
4042 117.977775205 2.45866240402
4044 48.498476159 2.45866240402
4048 58.3607387757 2.45866240402
4051 23.9910177422 2.45866240402
4055 205.037182361 2.45866240402
4056 84.2869844198 2.45866240402
4057 234.353630263 2.45866240402
4059 365.053304981 2.45866240402
4061 190.469820388 2.45866240402
4064 98.2850807171 2.45866240402
4067 48.6192413067 2.45866240402
4068 19.986468734 2.45866240402
4072 463.208095129 2.45866240402
4073 190.416260352 2.45866240402
4074 571.334096267 2.45866240402
4076 926.623728703 2.45866240402
4078 575.383669355 2.45866240402
4080 236.529559261 2.45866240402
4084 236.529559261 2.45866240402
4088 1107.39441721 2.45866240402
4089 455.229314601 2.45866240402
4090 1312.00334058 2.45866240402
4092 2084.19524565 2.45866240402
4094 1365.02882978 2.45866240402
4096 561.138045253 2.45866240402
4100 675.24659475 2.45866240402
4103 277.581356506 2.45866240402
4107 2392.99760443 2.45866240402
4108 983.716950698 2.45866240402
4109 2753.31262927 2.45866240402
4111 4304.73238931 2.45866240402
4113 1769.59567857 2.45866240402
4117 5948.81761689 2.45866240402
4118 2445.44863546 2.45866240402
4119 7720.95957732 2.45866240402
4121 12833.2494798 2.45866240402
4123 7639.00457875 2.45866240402
4126 5749.45324167 2.45866240402
4127 3173.58033675 2.45866240402
4129 1970.62328829 2.45866240402
4131 1620.17339973 2.45866240402
4133 3173.58033675 2.45866240402
4135 1970.62328829 2.45866240402
4137 15858.299634 2.45866240402
4138 6519.05297799 2.45866240402
4139 19224.7221698 2.45866240402
4141 30907.9109763 2.45866240402
4143 17060.5333069 2.45866240402
4146 10593.6767557 2.45866240402
4148 4354.86411511 2.45866240402
4152 4354.86411511 2.45866240402
4156 38901.5722687 2.45866240402
4157 15991.7151524 2.45866240402
4158 47732.6450536 2.45866240402
4160 77213.2361447 2.45866240402
4162 50570.2590035 2.45866240402
4164 20788.4959401 2.45866240402
4168 25015.8783787 2.45866240402
4171 10283.5638251 2.45866240402
4175 89526.6225036 2.45866240402
4176 36802.7347521 2.45866240402
4177 103767.19633 2.45866240402
4179 162898.276804 2.45866240402
4181 80581.8194519 2.45866240402
4184 33125.6920478 2.45866240402
4186 211918.615744 2.45866240402
4187 87115.8141142 2.45866240402
4188 265500.803313 2.45866240402
4190 433940.730106 2.45866240402
4192 407961.490643 2.45866240402
4195 558469.606106 2.45866240402
4196 379118.26927 2.45866240402
4198 363776.482562 2.45866240402
4200 505807.268186 2.45866240402
4201 571457.803743 2.45866240402
4202 325855.881264 2.45866240402
4204 221221.780241 2.45866240402
4206 295196.459234 2.45866240402
4208 212289.964223 2.45866240402
4210 382145.34484 2.45866240402
4211 157092.866567 2.45866240402
4212 338576.179856 2.45866240402
4214 441477.737684 2.45866240402
4216 243686.66179 2.45866240402
4219 151316.355619 2.45866240402
4221 62203.3485012 2.45866240402
4225 62203.3485012 2.45866240402
4229 491679.381131 2.45866240402
4230 202120.27821 2.45866240402
4231 552465.120228 2.45866240402
4232 338942.493285 2.45866240402
4235 513309.129514 2.45866240402
4237 322846.191426 2.45866240402
4240 272049.059212 2.45866240402
4243 373368.520781 2.45866240402
4244 153484.876917 2.45866240402
4245 241465.19871 2.45866240402
4247 214021.623923 2.45866240402
4249 129459.9945 2.45866240402
4252 100903.778613 2.45866240402
4253 57999.6661484 2.45866240402
4255 40186.6661938 2.45866240402
4257 39758.7346339 2.45866240402
4258 16344.0787107 2.45866240402
4260 57999.6661484 2.45866240402
4262 40186.6661938 2.45866240402
4264 149705.495257 2.45866240402
4265 61541.1536716 2.45866240402
4266 88611.9895811 2.45866240402
4268 65852.7287032 2.45866240402
4270 27070.8359095 2.45866240402
4274 44511.0411542 2.45866240402
4275 18297.6638172 2.45866240402
4276 24127.5168576 2.45866240402
4278 14181.7464336 2.45866240402
4281 10371.1112405 2.45866240402
4282 4263.37155927 2.45866240402
4283 6783.728911 2.45866240402
4285 6131.04114385 2.45866240402
4287 3807.04794052 2.45866240402
4289 1565.00683004 2.45866240402
4293 1565.00683004 2.45866240402
4297 4323.64212238 2.45866240402
4298 1777.36912238 2.45866240402
4299 2609.31560578 2.45866240402
4301 2023.79955608 2.45866240402
4303 831.946483403 2.45866240402
4307 1481.84862163 2.45866240402
4308 609.160503783 2.45866240402
4309 971.796525422 2.45866240402
4311 882.151202686 2.45866240402
4313 525.10145897 2.45866240402
4316 395.214684338 2.45866240402
4317 218.150425485 2.45866240402
4319 135.45973449 2.45866240402
4321 111.369976308 2.45866240402
4323 218.150425485 2.45866240402
4325 135.45973449 2.45866240402
4327 649.029882828 2.45866240402
4328 266.804172617 2.45866240402
4329 429.879710956 2.45866240402
4331 396.698745433 2.45866240402
4333 239.960142591 2.45866240402
4336 187.030048876 2.45866240402
4337 107.505259123 2.45866240402
4339 74.4880280567 2.45866240402
4341 73.6948605557 2.45866240402
4342 30.2945983637 2.45866240402
4344 107.505259123 2.45866240402
4346 74.4880280567 2.45866240402
4348 295.172412104 2.45866240402
4349 121.339952139 2.45866240402
4350 199.999767222 2.45866240402
4352 191.348280584 2.45866240402
4354 125.322506463 2.45866240402
4356 51.5178146255 2.45866240402
4360 61.9940931411 2.45866240402
4363 25.4846499729 2.45866240402
4367 140.152563065 2.45866240402
4368 57.6142158426 2.45866240402
4369 91.9731690307 2.45866240402
4371 83.5814553929 2.45866240402
4373 49.752682825 2.45866240402
4376 37.4467234928 2.45866240402
4377 20.6700320554 2.45866240402
4379 12.8351109238 2.45866240402
4381 10.552604837 2.45866240402
4383 20.6700320554 2.45866240402
4385 12.8351109238 2.45866240402
4387 61.5940727904 2.45866240402
4388 25.3203773966 2.45866240402
4389 40.9312372053 2.45866240402
4391 37.974229689 2.45866240402
4393 23.5810577884 2.45866240402
4395 9.69395914964 2.45866240402
4397 9.69395914964 2.45866240402
4401 27.8620023266 2.45866240402
4402 11.4539694372 2.45866240402
4403 18.3466670515 2.45866240402
4405 16.7654022744 2.45866240402
4407 10.1576908129 2.45866240402
4410 4.57944419149 2.45866240402
4412 7.94156674318 2.45866240402
4413 3.19718562972 2.45866240402
4415 4.57944419149 2.45866240402
4417 3.19718562972 2.45866240402
4419 12.2748559089 2.45866240402
4420 5.04684856726 2.45866240402
4421 8.04244942616 2.45866240402
4423 7.28321019253 2.45866240402
4425 3.87670533357 2.45866240402
4428 2.14222167326 2.45866240402
4431 1.33166543753 2.45866240402
4432 0.54772063709 2.45866240402
4433 0.54772063709 2.45866240402
4436 5.78854788326 2.45866240402
4437 2.38158061692 2.45866240402
4438 4.40457803745 2.45866240402
4440 4.9115900711 2.45866240402
4443 7.52017638177 2.45866240402
4444 3.0984975358 2.45866240402
4445 10.241691303 2.45866240402
4447 17.3327453691 2.45866240402
4449 8.60464118133 2.45866240402
4452 3.54615686081 2.45866240402
4454 23.2110612858 2.45866240402
4455 9.56606758372 2.45866240402
4456 29.4204019601 2.45866240402
4458 48.1731866539 2.45866240402
4460 26.7312922788 2.45866240402
4463 16.6857743205 2.45866240402
4464 6.87695790247 2.45866240402
4465 6.87695790247 2.45866240402
4466 60.7324040739 2.45866240402
4467 25.0306542134 2.45866240402
4468 74.1524738184 2.45866240402
4470 119.184837347 2.45866240402
4472 71.5086994433 2.45866240402
4475 54.3175430883 2.45866240402
4476 30.1412891891 2.45866240402
4478 18.8146119257 2.45866240402
4480 15.5088187015 2.45866240402
4482 30.1412891891 2.45866240402
4484 18.8146119257 2.45866240402
4486 143.51837325 2.45866240402
4487 59.1508827602 2.45866240402
4488 169.884332665 2.45866240402
4490 268.6734778 2.45866240402
4493 482.000330857 2.45866240402
4494 198.655872032 2.45866240402
4495 702.151907892 2.45866240402
4496 446.077837691 2.45866240402
4499 775.558567631 2.45866240402
4501 476.33231269 2.45866240402
4504 380.170279024 2.45866240402
4507 703.259644967 2.45866240402
4508 289.847657796 2.45866240402
4509 640.918166341 2.45866240402
4511 851.80509908 2.45866240402
4513 561.257062527 2.45866240402
4515 231.321463823 2.45866240402
4519 278.655802907 2.45866240402
4522 114.847674166 2.45866240402
4526 864.566092967 2.45866240402
4527 356.329941594 2.45866240402
4528 889.568356834 2.45866240402
4530 1293.80046828 2.45866240402
4532 776.260102773 2.45866240402
4535 589.645390162 2.45866240402
4536 327.20052183 2.45866240402
4538 204.243753398 2.45866240402
4540 168.357668595 2.45866240402
4542 327.20052183 2.45866240402
4544 204.243753398 2.45866240402
4546 1473.32956736 2.45866240402
4547 607.23113541 2.45866240402
4548 1673.7192401 2.45866240402
4550 2587.62826157 2.45866240402
4552 1356.11025141 2.45866240402
4555 702.712434656 2.45866240402
4558 348.886314986 2.45866240402
4559 143.793105819 2.45866240402
4563 3248.55278878 2.45866240402
4564 1338.88741473 2.45866240402
4565 3955.47283374 2.45866240402
4567 6348.64122289 2.45866240402
4569 3962.9226477 2.45866240402
4571 1633.31416088 2.45866240402
4573 1633.31416088 2.45866240402
4577 7485.36129058 2.45866240402
4578 3085.08333496 2.45866240402
4579 8728.06478589 2.45866240402
4581 13691.6090138 2.45866240402
4583 9021.44531506 2.45866240402
4585 3718.17866654 2.45866240402
4589 4479.01402946 2.45866240402
4592 1846.02065683 2.45866240402
4596 15470.5454626 2.45866240402
4597 6376.16814245 2.45866240402
4598 17468.5254487 2.45866240402
4599 10764.2415594 2.45866240402
4602 16149.2296075 2.45866240402
4604 10220.4952573 2.45866240402
4607 8648.83601009 2.45866240402
4610 11493.9782624 2.45866240402
4611 4737.23042794 2.45866240402
4612 7001.46694596 2.45866240402
4614 5493.73408522 2.45866240402
4616 2264.23651802 2.45866240402
4620 4063.78484436 2.45866240402
4621 1674.88457649 2.45866240402
4622 2691.37258269 2.45866240402
4624 2466.31173179 2.45866240402
4626 1479.75031374 2.45866240402
4629 1124.01647152 2.45866240402
4630 623.729228804 2.45866240402
4632 389.341976479 2.45866240402
4634 320.933842526 2.45866240402
4636 623.729228804 2.45866240402
4638 389.341976479 2.45866240402
4640 1812.90595865 2.45866240402
4641 747.187624049 2.45866240402
4642 1185.16559926 2.45866240402
4644 1062.66725597 2.45866240402
4646 637.587639817 2.45866240402
4649 484.313511587 2.45866240402
4650 268.75182457 2.45866240402
4652 167.759822806 2.45866240402
4654 138.284319934 2.45866240402
4656 268.75182457 2.45866240402
4658 167.759822806 2.45866240402
4660 755.599471569 2.45866240402
4661 311.420490101 2.45866240402
4662 459.223105125 2.45866240402
4664 358.61012694 2.45866240402
4666 147.802615025 2.45866240402
4670 263.061898019 2.45866240402
4671 108.423208397 2.45866240402
4672 171.220829507 2.45866240402
4674 152.353370555 2.45866240402
4676 118.202138733 2.45866240402
4677 48.723762846 2.45866240402
4678 80.2017342032 2.45866240402
4681 42.2241198174 2.45866240402
4684 22.2382164938 2.45866240402
4687 11.728013984 2.45866240402
4690 6.21511099015 2.45866240402
4692 3.35045982104 2.45866240402
4694 1.91343409153 2.45866240402
4696 1.29171805347 2.45866240402
4697 0.532426502025 2.45866240402
4701 0.68797288116 2.45866240402
4703 0.377370013515 2.45866240402
4705 0.227563332792 2.45866240402
4707 0.174718644821 2.45866240402
4708 0.0720169536572 2.45866240402
4712 0.12430483258 2.45866240402
4714 0.126852201448 2.45866240402
4716 0.183453324845 2.45866240402
4717 0.135608918402 2.45866240402
4718 0.0558977747104 2.45866240402
4722 0.0896527795733 2.45866240402
4725 0.0818900559186 2.45866240402
4728 0.109022676074 2.45866240402
4731 0.182600514706 2.45866240402
4732 0.0752676712115 2.45866240402
4736 0.0752676712115 2.45866240402
4740 85.677155849 2.45866240402
4742 89.6270996147 2.45866240402
4744 55.9887829663 2.45866240402
4746 23.0842796052 2.45866240402
4748 23.0842796052 2.45866240402
4752 75.7165326791 2.45866240402
4753 31.2225876369 2.45866240402
4754 62.7672460159 2.45866240402
4756 76.4662464833 2.45866240402
4758 38.0139326944 2.45866240402
4761 15.6819151128 2.45866240402
4763 84.5779107861 2.45866240402
4764 34.8961922293 2.45866240402
4765 93.629127979 2.45866240402
4767 142.323501119 2.45866240402
4769 58.7329357497 2.45866240402
4773 192.520766263 2.45866240402
4774 79.4507066498 2.45866240402
4775 244.73199866 2.45866240402
4777 400.48903894 2.45866240402
4779 250.669432623 2.45866240402
4781 103.450945481 2.45866240402
4785 103.450945481 2.45866240402
4789 475.013745531 2.45866240402
4790 196.038493033 2.45866240402
4791 554.461026378 2.45866240402
4793 868.475963731 2.45866240402
4795 532.552518394 2.45866240402
4798 421.925744179 2.45866240402
4799 244.897435119 2.45866240402
4801 171.473094599 2.45866240402
4803 170.590511012 2.45866240402
4804 70.4032062784 2.45866240402
4806 244.897435119 2.45866240402
4808 171.473094599 2.45866240402
4810 1017.34775378 2.45866240402
4811 419.862762362 2.45866240402
4812 1176.74404543 2.45866240402
4814 1833.95793286 2.45866240402
4816 1020.49734581 2.45866240402
4819 638.753744533 2.45866240402
4820 263.616062739 2.45866240402
4821 263.616062739 2.45866240402
4824 2246.52251423 2.45866240402
4825 927.148386381 2.45866240402
4826 2682.31948003 2.45866240402
4827 1668.48674125 2.45866240402
4830 2584.37167746 2.45866240402
4832 1628.06336241 2.45866240402
4835 1360.49895866 2.45866240402
4838 1951.66582403 2.45866240402
4839 805.460065946 2.45866240402
4840 1339.14201751 2.45866240402
4842 1293.13513641 2.45866240402
4844 809.405029057 2.45866240402
4846 334.044640661 2.45866240402
4850 334.044640661 2.45866240402
4854 984.777002381 2.45866240402
4855 406.421355702 2.45866240402
4856 686.601956262 2.45866240402
4858 678.889969565 2.45866240402
4860 448.730676287 2.45866240402
4862 185.192944522 2.45866240402
4866 223.211322739 2.45866240402
4869 92.1202064148 2.45866240402
4873 509.647759232 2.45866240402
4874 210.333673059 2.45866240402
4875 345.67534697 2.45866240402
4877 327.938806163 2.45866240402
4879 201.095226915 2.45866240402
4882 159.323731548 2.45866240402
4883 92.4765688865 2.45866240402
4885 64.7510326541 2.45866240402
4887 64.4180075667 2.45866240402
4888 26.5855753243 2.45866240402
4890 92.4765688865 2.45866240402
4892 64.7510326541 2.45866240402
4894 247.839528302 2.45866240402
4895 102.284381171 2.45866240402
4896 170.302831506 2.45866240402
4898 164.811665013 2.45866240402
4900 108.936793184 2.45866240402
4902 44.9586622022 2.45866240402
4906 54.1882607051 2.45866240402
4909 22.363718083 2.45866240402
4913 120.106214202 2.45866240402
4914 49.5683287617 2.45866240402
4915 76.6425835014 2.45866240402
4917 65.6020911532 2.45866240402
4919 34.4597919525 2.45866240402
4922 17.8954759547 2.45866240402
4925 8.90172022319 2.45866240402
4926 3.67377692257 2.45866240402
4930 47.8543320819 2.45866240402
4931 19.7496816149 2.45866240402
4932 30.6013427736 2.45866240402
4934 26.2940421788 2.45866240402
4936 13.8118672175 2.45866240402
4939 7.17270656856 2.45866240402
4942 3.56790933582 2.45866240402
4943 1.47249114812 2.45866240402
4947 19.2983866502 2.45866240402
4948 7.96452510382 2.45866240402
4949 12.5022533407 2.45866240402
4951 10.9951097356 2.45866240402
4953 6.11819255822 2.45866240402
4956 3.82953259523 2.45866240402
4957 1.58046432138 2.45866240402
4958 1.58046432138 2.45866240402
4961 8.0211757602 2.45866240402
4962 3.31037322889 2.45866240402
4963 5.13016870983 2.45866240402
4965 4.4094417673 2.45866240402
4967 2.32350152738 2.45866240402
4970 1.22050112424 2.45866240402
4973 0.63382450498 2.45866240402
4976 0.315282540264 2.45866240402
4979 0.130118458542 2.45866240402
4983 3.23059457582 2.45866240402
4984 1.33328028215 2.45866240402
4985 2.08514544439 2.45866240402
4987 1.82180065661 2.45866240402
4989 0.976002382281 2.45866240402
4992 0.543093820631 2.45866240402
4995 0.339936576759 2.45866240402
4996 0.140293329568 2.45866240402
4997 0.140293329568 2.45866240402
5000 1.35315120188 2.45866240402
5001 0.558451583551 2.45866240402
5002 0.898488912066 2.45866240402
5004 0.823923619372 2.45866240402
5006 0.4964106485 2.45866240402
5009 0.37889858716 2.45866240402
5010 0.210837627456 2.45866240402
5012 0.13196911296 2.45866240402
5014 0.108928614943 2.45866240402
5016 0.210837627456 2.45866240402
5018 0.13196911296 2.45866240402
5020 0.60149930575 2.45866240402
5021 0.248241938795 2.45866240402
5022 0.385289297787 2.45866240402
5024 0.332069079494 2.45866240402
5026 0.175404506998 2.45866240402
5029 0.0929402927286 2.45866240402
5032 0.0497920647144 2.45866240402
5035 0.0277070755733 2.45866240402
5037 0.0173428411197 2.45866240402
5038 0.0071575202333 2.45866240402
5041 0.0071575202333 2.45866240402
5044 0.243917660531 2.45866240402
5045 0.100667124704 2.45866240402
5046 0.158279259658 2.45866240402
5048 0.139590939561 2.45866240402
5050 0.0776815060927 2.45866240402
5053 0.0486269269494 2.45866240402
5054 0.0200693711389 2.45866240402
5055 0.0200693711389 2.45866240402
5058 0.102260211615 2.45866240402
5059 0.0422061047758 2.45866240402
5060 0.0659669422943 2.45866240402
5062 0.0575605470141 2.45866240402
5064 0.0286413858053 2.45866240402
5067 0.0118230955598 2.45866240402
5069 0.0448319759125 2.45866240402
5070 0.0185092057966 2.45866240402
5071 0.0325198756386 2.45866240402
5073 0.0339159929117 2.45866240402
5075 0.0178449125363 2.45866240402
5078 0.0092816000926 2.45866240402
5081 0.00462321183176 2.45866240402
5082 0.00190986006087 2.45866240402
5086 0.0317366724979 2.45866240402
5087 0.0131147806258 2.45866240402
5088 0.0297694567292 2.45866240402
5090 0.0402759905896 2.45866240402
5092 0.0253106599143 2.45866240402
5094 0.0104663355495 2.45866240402
5098 0.0104663355495 2.45866240402
5102 0.0423194159805 2.45866240402
5103 0.0175031801144 2.45866240402
5104 0.0445413743525 2.45866240402
5106 0.0653541189553 2.45866240402
5108 0.0411118833679 2.45866240402
5110 0.0170087560662 2.45866240402
5112 0.0170087560662 2.45866240402
5116 0.072314506629 2.45866240402
5117 0.0299198923134 2.45866240402
5118 0.0795056875975 2.45866240402
5120 0.119835119984 2.45866240402
5122 0.0754080677785 2.45866240402
5124 0.0312026232611 2.45866240402
5126 0.0312026232611 2.45866240402
5130 0.134694548037 2.45866240402
5131 0.0557354471133 2.45866240402
5132 0.149942619268 2.45866240402
5134 0.227662833381 2.45866240402
5136 0.127378178917 2.45866240402
5139 0.0801616717106 2.45866240402
5141 0.033171006763 2.45866240402
5145 0.033171006763 2.45866240402
5149 0.272853526838 2.45866240402
5150 0.112907675024 2.45866240402
5151 0.318809365669 2.45866240402
5153 0.49758098829 2.45866240402
5155 0.24844396798 2.45866240402
5158 0.102807451725 2.45866240402
5159 0.635198382461 2.45866240402
5160 0.262848745174 2.45866240402
5161 0.774586102585 2.45866240402
5163 1.23665974394 2.45866240402
5165 0.617470168449 2.45866240402
5168 0.255512928422 2.45866240402
5169 1.59644418011 2.45866240402
5170 0.660618447048 2.45866240402
5171 1.96067344914 2.45866240402
5173 3.14169999392 2.45866240402
5176 5.63152752437 2.45866240402
5177 2.33036115877 2.45866240402
5178 8.13703207279 2.45866240402
5180 14.0323428796 2.45866240402
5182 7.42887971697 2.45866240402
5185 3.92021357529 2.45866240402
5188 2.0446692171 2.45866240402
5191 1.02091361326 2.45866240402
5194 0.422460414144 2.45866240402
5198 18.3445077273 2.45866240402
5199 7.59107160306 2.45866240402
5200 22.7077394515 2.45866240402
5202 36.5307883281 2.45866240402
5204 20.439612115 2.45866240402
5207 12.863373875 2.45866240402
5208 5.32294426656 2.45866240402
5209 5.32294426656 2.45866240402
5212 45.1325861324 2.45866240402
5213 18.6761453835 2.45866240402
5214 53.8600225139 2.45866240402
5215 33.6303461921 2.45866240402
5218 51.3946593585 2.45866240402
5220 32.6101635563 2.45866240402
5223 27.4107357118 2.45866240402
5226 37.7296336667 2.45866240402
5227 15.612757524 2.45866240402
5228 24.169638448 2.45866240402
5230 20.67847285 2.45866240402
5232 11.5699656042 2.45866240402
5235 7.28139029944 2.45866240402
5237 3.01308468022 2.45866240402
5241 3.01308468022 2.45866240402
5245 14.2317865994 2.45866240402
5246 5.88920198083 2.45866240402
5247 7.82471831043 2.45866240402
5249 4.67734940174 2.45866240402
5252 3.47851746777 2.45866240402
5253 1.43943220478 2.45866240402
5254 2.28936891136 2.45866240402
5256 2.05394854328 2.45866240402
5258 1.14921997275 2.45866240402
5261 0.723244947316 2.45866240402
5262 0.299283266174 2.45866240402
5263 0.299283266174 2.45866240402
5264 1.52496262015 2.45866240402
5265 0.631039035178 2.45866240402
5266 1.00022183526 2.45866240402
5268 0.892163461701 2.45866240402
5270 0.49918099101 2.45866240402
5273 0.314152327808 2.45866240402
5274 0.129998190929 2.45866240402
5275 0.129998190929 2.45866240402
5276 0.656590470884 2.45866240402
5277 0.271701228484 2.45866240402
5278 0.422845273783 2.45866240402
5280 0.365253187936 2.45866240402
5282 0.196682235754 2.45866240402
5285 0.110047135518 2.45866240402
5288 0.0692565711028 2.45866240402
5289 0.0286588007063 2.45866240402
5290 0.0286588007063 2.45866240402
5291 0.263139690705 2.45866240402
5292 0.108888843812 2.45866240402
5293 0.161758712543 2.45866240402
5295 0.127764795897 2.45866240402
5297 0.0528698687313 2.45866240402
5301 0.0941265464059 2.45866240402
5302 0.0389501514701 2.45866240402
5303 0.0607503230864 2.45866240402
5305 0.0526820766476 2.45866240402
5307 0.0263044256583 2.45866240402
5310 0.0108849352591 2.45866240402
5312 0.0402562306717 2.45866240402
5313 0.0166582791176 2.45866240402
5314 0.0279424485665 2.45866240402
5316 0.0272692110053 2.45866240402
5318 0.0171614830575 2.45866240402
5320 0.00710152863531 2.45866240402
5322 0.00710152863531 2.45866240402
5326 0.0207945708951 2.45866240402
5327 0.00860492302318 2.45866240402
5328 0.0143778179702 2.45866240402
5330 0.0139507201768 2.45866240402
5332 0.00877968372279 2.45866240402
5334 0.00363308783764 2.45866240402
5336 0.00363308783764 2.45866240402
5340 0.0105556691227 2.45866240402
5341 0.00436800166376 2.45866240402
5342 0.00719000256153 2.45866240402
5344 0.00681961913754 2.45866240402
5346 0.00429182855001 2.45866240402
5348 0.00177598539992 2.45866240402
5352 0.00177598539992 2.45866240402
5356 0.00499839227115 2.45866240402
5357 0.00206836587094 2.45866240402
5358 0.00319107974859 2.45866240402
5360 0.00271313912453 2.45866240402
5362 0.00135468400223 2.45866240402
5365 0.000560576682333 2.45866240402
5367 0.00201078111398 2.45866240402
5368 0.000832073755919 2.45866240402
5369 0.00131402064255 2.45866240402
5371 0.00116466802432 2.45866240402
5373 0.000616588319269 2.45866240402
5376 0.00032537313901 2.45866240402
5379 0.000169705153068 2.45866240402
5382 8.47346359686e-05 2.45866240402
5385 3.50637204288e-05 2.45866240402
5389 0.000883916133198 2.45866240402
5390 0.000365770004496 2.45866240402
5391 0.000605624854775 2.45866240402
5393 0.000579630831056 2.45866240402
5395 0.000364782270683 2.45866240402
5397 0.000150949177018 2.45866240402
5399 0.000150949177018 2.45866240402
5403 0.000430322940773 2.45866240402
5404 0.000178070314815 2.45866240402
5405 0.000282212966442 2.45866240402
5407 0.000251670089388 2.45866240402
5409 0.00013551979226 2.45866240402
5412 7.58256839331e-05 2.45866240402
5415 4.77197964427e-05 2.45866240402
5416 1.97467492075e-05 2.45866240402
5417 1.97467492075e-05 2.45866240402
5418 0.000190450659966 2.45866240402
5419 7.88096702358e-05 2.45866240402
5420 0.000129761398287 2.45866240402
5422 0.000123129435329 2.45866240402
5424 7.74897283427e-05 2.45866240402
5426 3.2065732746e-05 2.45866240402
5428 3.2065732746e-05 2.45866240402
5432 9.03022327258e-05 2.45866240402
5433 3.73676270362e-05 2.45866240402
5434 5.77264076168e-05 2.45866240402
5436 4.91988243259e-05 2.45866240402
5438 2.45652210965e-05 2.45866240402
5441 1.01652418197e-05 2.45866240402
5443 3.66017552255e-05 2.45866240402
5444 1.51460349301e-05 2.45866240402
5445 2.41065732536e-05 2.45866240402
5447 2.16539454181e-05 2.45866240402
5449 1.16602599733e-05 2.45866240402
5452 6.5241197289e-06 2.45866240402
5455 4.1058610678e-06 2.45866240402
5456 1.69903105951e-06 2.45866240402
5457 1.69903105951e-06 2.45866240402
5460 1.65618702461e-05 2.45866240402
5461 6.85340596551e-06 2.45866240402
5462 1.15158937078e-05 2.45866240402
5464 1.12673181963e-05 2.45866240402
5466 7.09092754436e-06 2.45866240402
5468 2.93427082871e-06 2.45866240402
5472 2.93427082871e-06 2.45866240402
5476 8.62165997474e-06 2.45866240402
5477 3.56769789974e-06 2.45866240402
5478 5.99999384287e-06 2.45866240402
5480 5.87785807767e-06 2.45866240402
5482 2.43229594314e-06 2.45866240402
5486 5.77207383238e-06 2.45866240402
5487 2.3885220957e-06 2.45866240402
5488 5.68234439054e-06 2.45866240402
5489 3.44977438423e-06 2.45866240402
5492 4.51003572176e-06 2.45866240402
5494 2.96466540667e-06 2.45866240402
5497 2.65433782233e-06 2.45866240402
5500 2.25188671777e-06 2.45866240402
5501 9.31845712761e-07 2.45866240402
