#===========================
# Typing Summary
#===========================
# Total number of CG beads: 2
# Total number of CG types: 2
              Ncg    <mass>    <charge> 
-CG Type   1:   1      337.392      0.000
-CG Type   2:   1      353.392      0.000

~~~~~CG TYPES~~~~~
Type 1: 1 1 1 1 3 5 5 6 6 6 7 7 7 7 7 7 7 7 8 8 8 8 9 10 10 11 11 11 11 11 11 11 11 12 13 14 14 15 15 15 16 16 16 17 17 17 17 17 17 17 17 17 
Type 2: 1 1 1 1 2 3 4 5 5 5 6 6 6 7 7 7 7 7 7 7 7 8 8 8 8 9 10 10 11 11 11 11 11 11 11 11 14 14 15 15 15 16 16 16 17 17 17 17 17 17 17 17 17 

~~~~~BOND TYPES~~~~~
Type 1: (1)--(2)

~~~~~ANGLE TYPES~~~~~

~~~~~DIHEDRAL TYPES~~~~~
